{
  "dataset": "BiasBios-Clinical",
  "l4_candidate": "INLP::rank=1",
  "minimum_membership_slack": -0.0,
  "numerical_policy": {
    "bridge_feasibility_guard": 1e-09,
    "decision_tolerance": 0.0,
    "release_optimization_guard": 1e-06,
    "reported_value_guard": 1e-09
  },
  "original_receipt": "research/artifacts/mosaic_bridge_confirmation_receipts_v1/BiasBios-Clinical__seed1205.json",
  "original_receipt_sha256": "058a439806f7793f33b9a6190471189d5cb41e19760f7973fb8ab1bbb9c0c8a2",
  "preregistration_sha256": "d1fd9c04bd5b6dd76f35b6bc2e1bf8badb23dceeb32a19edf36fcfd611b8bf02",
  "primary_selection": {
    "candidate": null,
    "decision": "abstain",
    "reason": "no candidate satisfied the strictly replayed contract",
    "utility_threshold": 0.4
  },
  "project": "MOSAIC strict numerical bridge replay",
  "protocol": {
    "bridge_fraction": 0.6666666666666666,
    "familywise_delta": 0.05,
    "fine_token_count": 4,
    "frontier_candidate_count": 13,
    "l4_policy": "reoptimize the minimum-error L2 candidate on the same covered table",
    "per_candidate_table_delta": 0.0019230769230769232,
    "primary_released_token_count": 2,
    "primary_utility_threshold": 0.4,
    "privacy_advantage_threshold": 0.35,
    "secondary_released_token_count": 4,
    "utility_thresholds": [
      0.3,
      0.35,
      0.4,
      0.45,
      0.49
    ]
  },
  "results": [
    {
      "bridge_membership": {
        "contaminations": [
          1.0,
          1.0
        ],
        "labels": [
          {
            "contamination": 1.0,
            "method": "strict_outward_repaired_l1_bridge",
            "minimum_membership_slack": -0.0,
            "optimal_retained_mass_upper": 0.6985784034281709,
            "retained_mass": 0.0,
            "transform": [
              [
                0.6323864454308126,
                0.36761355456918743,
                0.0,
                0.0
              ],
              [
                0.24037777421295448,
                0.36761355456918743,
                0.3920086712178581,
                0.0
              ],
              [
                0.2403358379823958,
                0.36761355456918743,
                0.3920506074484168,
                0.0
              ],
              [
                0.2403358379823958,
                0.36761355456918743,
                0.3920506074484168,
                -0.0
              ]
            ],
            "transform_trace": 1.3920506074484167
          },
          {
            "contamination": 1.0,
            "method": "strict_outward_repaired_l1_bridge",
            "minimum_membership_slack": -0.0,
            "optimal_retained_mass_upper": 0.7476137065362846,
            "retained_mass": 0.0,
            "transform": [
              [
                -0.0,
                -0.0,
                0.10139815654125225,
                0.8986018434587477
              ],
              [
                0.0,
                -0.0,
                0.10139898792926057,
                0.8986010120707395
              ],
              [
                0.0,
                0.0,
                0.10139898792926079,
                0.8986010120707393
              ],
              [
                0.0,
                0.0,
                0.10139815654125225,
                0.8986018434587477
              ]
            ],
            "transform_trace": 1.0000008313880084
          }
        ],
        "method": "strict_simultaneous_l1_bridge_membership",
        "retained_masses": [
          0.0,
          0.0
        ]
      },
      "candidate": "Identity::unedited",
      "method": "Identity",
      "provenance": {
        "official_entrypoint": "none (unedited control)",
        "transformation": "identity"
      },
      "release_l2": {
        "certified_source_advantage_upper": [
          1.0000000000000003e-09,
          1.0000000000000003e-09
        ],
        "certified_worst_conditional_error_upper": 0.5000000010000001,
        "decoder": [
          0,
          1
        ],
        "diagnostic": {
          "estimable": true,
          "missing_strata": [],
          "worst_conditional_error": 0.5,
          "worst_privacy_advantage": 0.0
        },
        "feasibility_guard": 1e-06,
        "max_constraint_violation": 6.486733386712011e-16,
        "method": "strict_outward_transform_exact_lp",
        "optimization_source_thresholds": [
          0.349999,
          0.349999
        ],
        "release_channel": [
          [
            0.5,
            0.5
          ],
          [
            0.5,
            0.5
          ],
          [
            0.5,
            0.5
          ],
          [
            0.5,
            0.5
          ]
        ],
        "released_token_count": 2,
        "solved_decoder_assignments": 4,
        "solver_dual_bound": 0.5,
        "solver_mip_gap": 0.0,
        "solver_objective": 0.5,
        "solver_status": "Optimization terminated successfully. (HiGHS Status 7: Optimal)",
        "threshold_decisions": {
          "0.30": {
            "deployed": false,
            "diagnostic_safe": false,
            "false_acceptance": false
          },
          "0.35": {
            "deployed": false,
            "diagnostic_safe": false,
            "false_acceptance": false
          },
          "0.40": {
            "deployed": false,
            "diagnostic_safe": false,
            "false_acceptance": false
          },
          "0.45": {
            "deployed": false,
            "diagnostic_safe": false,
            "false_acceptance": false
          },
          "0.49": {
            "deployed": false,
            "diagnostic_safe": false,
            "false_acceptance": false
          }
        },
        "unguarded_source_advantages": [
          0.0,
          0.0
        ],
        "unguarded_worst_conditional_error": 0.5,
        "value_guard": 1e-09
      },
      "strength": "unedited"
    },
    {
      "bridge_membership": {
        "contaminations": [
          1.0,
          1.0
        ],
        "labels": [
          {
            "contamination": 1.0,
            "method": "strict_outward_repaired_l1_bridge",
            "minimum_membership_slack": -0.0,
            "optimal_retained_mass_upper": 0.6996406555763112,
            "retained_mass": 0.0,
            "transform": [
              [
                0.6265127125843966,
                0.37348728741560344,
                0.0,
                0.0
              ],
              [
                0.23847534434449308,
                0.3734872874156034,
                0.3880373682399035,
                0.0
              ],
              [
                0.2383285520910306,
                0.3734872874156035,
                0.38818416049336596,
                0.0
              ],
              [
                0.2383285520910302,
                0.37348728741560455,
                0.3881841604933653,
                -0.0
              ]
            ],
            "transform_trace": 1.388184160493366
          },
          {
            "contamination": 1.0,
            "method": "strict_outward_repaired_l1_bridge",
            "minimum_membership_slack": -0.0,
            "optimal_retained_mass_upper": 0.7486137065362847,
            "retained_mass": 0.0,
            "transform": [
              [
                -0.0,
                -0.0,
                0.10527093794487809,
                0.8947290620551219
              ],
              [
                0.0,
                -0.0,
                0.10527093794487809,
                0.8947290620551219
              ],
              [
                0.0,
                0.0,
                0.10527093794487848,
                0.8947290620551215
              ],
              [
                0.0,
                0.0,
                0.10527011279621053,
                0.8947298872037894
              ]
            ],
            "transform_trace": 1.0000008251486678
          }
        ],
        "method": "strict_simultaneous_l1_bridge_membership",
        "retained_masses": [
          0.0,
          0.0
        ]
      },
      "candidate": "INLP::rank=1",
      "method": "INLP",
      "provenance": {
        "commit": "e1edcc19d808108ab71cbb3afb0389db0206a7eb",
        "compatibility_change": "SGDClassifier loss='log_loss' replaces removed alias loss='log'",
        "official_entrypoint": "src.debias.get_debiasing_projection",
        "rank": 1,
        "remote": "https://github.com/shauli-ravfogel/nullspace_projection.git",
        "repository": "/Volumes/Backups/FARO/external/nullspace_projection"
      },
      "release_l2": {
        "certified_source_advantage_upper": [
          1.0000000000000003e-09,
          1.0000000000000003e-09
        ],
        "certified_worst_conditional_error_upper": 0.5000000010000001,
        "decoder": [
          0,
          1
        ],
        "diagnostic": {
          "estimable": true,
          "missing_strata": [],
          "worst_conditional_error": 0.5,
          "worst_privacy_advantage": 0.0
        },
        "feasibility_guard": 1e-06,
        "max_constraint_violation": 2.86633423697498e-16,
        "method": "strict_outward_transform_exact_lp",
        "optimization_source_thresholds": [
          0.349999,
          0.349999
        ],
        "release_channel": [
          [
            0.5,
            0.5
          ],
          [
            0.5,
            0.5
          ],
          [
            0.5,
            0.5
          ],
          [
            0.5,
            0.5
          ]
        ],
        "released_token_count": 2,
        "solved_decoder_assignments": 4,
        "solver_dual_bound": 0.5,
        "solver_mip_gap": 0.0,
        "solver_objective": 0.5,
        "solver_status": "Optimization terminated successfully. (HiGHS Status 7: Optimal)",
        "threshold_decisions": {
          "0.30": {
            "deployed": false,
            "diagnostic_safe": false,
            "false_acceptance": false
          },
          "0.35": {
            "deployed": false,
            "diagnostic_safe": false,
            "false_acceptance": false
          },
          "0.40": {
            "deployed": false,
            "diagnostic_safe": false,
            "false_acceptance": false
          },
          "0.45": {
            "deployed": false,
            "diagnostic_safe": false,
            "false_acceptance": false
          },
          "0.49": {
            "deployed": false,
            "diagnostic_safe": false,
            "false_acceptance": false
          }
        },
        "unguarded_source_advantages": [
          0.0,
          0.0
        ],
        "unguarded_worst_conditional_error": 0.5,
        "value_guard": 1e-09
      },
      "release_l4": {
        "certified_source_advantage_upper": [
          1.0000000000000003e-09,
          1.0000000000000003e-09
        ],
        "certified_worst_conditional_error_upper": 0.5000000010000001,
        "decoder": [
          0,
          0,
          0,
          1
        ],
        "diagnostic": {
          "estimable": true,
          "missing_strata": [],
          "worst_conditional_error": 0.5,
          "worst_privacy_advantage": 0.0
        },
        "feasibility_guard": 1e-06,
        "max_constraint_violation": 4.672003300318265e-16,
        "method": "strict_outward_transform_exact_lp",
        "optimization_source_thresholds": [
          0.349999,
          0.349999
        ],
        "release_channel": [
          [
            -0.0,
            0.5,
            -0.0,
            0.5
          ],
          [
            -0.0,
            0.5,
            -0.0,
            0.5
          ],
          [
            0.0,
            0.5,
            -0.0,
            0.5
          ],
          [
            -0.0,
            0.5,
            -0.0,
            0.5
          ]
        ],
        "released_token_count": 4,
        "solved_decoder_assignments": 16,
        "solver_dual_bound": 0.5,
        "solver_mip_gap": 0.0,
        "solver_objective": 0.5,
        "solver_status": "Optimization terminated successfully. (HiGHS Status 7: Optimal)",
        "threshold_decisions": {
          "0.30": {
            "deployed": false,
            "diagnostic_safe": false,
            "false_acceptance": false
          },
          "0.35": {
            "deployed": false,
            "diagnostic_safe": false,
            "false_acceptance": false
          },
          "0.40": {
            "deployed": false,
            "diagnostic_safe": false,
            "false_acceptance": false
          },
          "0.45": {
            "deployed": false,
            "diagnostic_safe": false,
            "false_acceptance": false
          },
          "0.49": {
            "deployed": false,
            "diagnostic_safe": false,
            "false_acceptance": false
          }
        },
        "unguarded_source_advantages": [
          0.0,
          0.0
        ],
        "unguarded_worst_conditional_error": 0.5,
        "value_guard": 1e-09
      },
      "strength": "rank=1"
    },
    {
      "bridge_membership": {
        "contaminations": [
          1.0,
          1.0
        ],
        "labels": [
          {
            "contamination": 1.0,
            "method": "strict_outward_repaired_l1_bridge",
            "minimum_membership_slack": -0.0,
            "optimal_retained_mass_upper": 0.7141938305748711,
            "retained_mass": 0.0,
            "transform": [
              [
                0.6474250018052424,
                0.3525749981947575,
                0.0,
                0.0
              ],
              [
                0.22858351042502076,
                0.3525749981947575,
                0.4188414913802217,
                0.0
              ],
              [
                0.22856602959040376,
                0.3525749981947575,
                0.41885897221483875,
                0.0
              ],
              [
                0.22856602959040412,
                0.3525749981947565,
                0.4188589722148394,
                -0.0
              ]
            ],
            "transform_trace": 1.4188589722148388
          },
          {
            "contamination": 1.0,
            "method": "strict_outward_repaired_l1_bridge",
            "minimum_membership_slack": -0.0,
            "optimal_retained_mass_upper": 0.7511137065362845,
            "retained_mass": 0.0,
            "transform": [
              [
                -0.0,
                0.0,
                0.10558542016174777,
                0.8944145798382522
              ],
              [
                0.0,
                -0.0,
                0.10558622760092001,
                0.8944137723990799
              ],
              [
                0.0,
                0.0,
                0.10558622760091996,
                0.89441377239908
              ],
              [
                0.0,
                0.0,
                0.10558542016174777,
                0.8944145798382522
              ]
            ],
            "transform_trace": 1.0000008074391722
          }
        ],
        "method": "strict_simultaneous_l1_bridge_membership",
        "retained_masses": [
          0.0,
          0.0
        ]
      },
      "candidate": "INLP::rank=2",
      "method": "INLP",
      "provenance": {
        "commit": "e1edcc19d808108ab71cbb3afb0389db0206a7eb",
        "compatibility_change": "SGDClassifier loss='log_loss' replaces removed alias loss='log'",
        "official_entrypoint": "src.debias.get_debiasing_projection",
        "rank": 2,
        "remote": "https://github.com/shauli-ravfogel/nullspace_projection.git",
        "repository": "/Volumes/Backups/FARO/external/nullspace_projection"
      },
      "release_l2": {
        "certified_source_advantage_upper": [
          1.0000000000000003e-09,
          1.0000000000000003e-09
        ],
        "certified_worst_conditional_error_upper": 0.5000000010000001,
        "decoder": [
          0,
          1
        ],
        "diagnostic": {
          "estimable": true,
          "missing_strata": [],
          "worst_conditional_error": 0.5,
          "worst_privacy_advantage": 0.0
        },
        "feasibility_guard": 1e-06,
        "max_constraint_violation": 2.531703039114811e-16,
        "method": "strict_outward_transform_exact_lp",
        "optimization_source_thresholds": [
          0.349999,
          0.349999
        ],
        "release_channel": [
          [
            0.5,
            0.5
          ],
          [
            0.5,
            0.5
          ],
          [
            0.5,
            0.5
          ],
          [
            0.5,
            0.5
          ]
        ],
        "released_token_count": 2,
        "solved_decoder_assignments": 4,
        "solver_dual_bound": 0.5,
        "solver_mip_gap": 0.0,
        "solver_objective": 0.5,
        "solver_status": "Optimization terminated successfully. (HiGHS Status 7: Optimal)",
        "threshold_decisions": {
          "0.30": {
            "deployed": false,
            "diagnostic_safe": false,
            "false_acceptance": false
          },
          "0.35": {
            "deployed": false,
            "diagnostic_safe": false,
            "false_acceptance": false
          },
          "0.40": {
            "deployed": false,
            "diagnostic_safe": false,
            "false_acceptance": false
          },
          "0.45": {
            "deployed": false,
            "diagnostic_safe": false,
            "false_acceptance": false
          },
          "0.49": {
            "deployed": false,
            "diagnostic_safe": false,
            "false_acceptance": false
          }
        },
        "unguarded_source_advantages": [
          0.0,
          0.0
        ],
        "unguarded_worst_conditional_error": 0.5,
        "value_guard": 1e-09
      },
      "strength": "rank=2"
    },
    {
      "bridge_membership": {
        "contaminations": [
          1.0,
          1.0
        ],
        "labels": [
          {
            "contamination": 1.0,
            "method": "strict_outward_repaired_l1_bridge",
            "minimum_membership_slack": -0.0,
            "optimal_retained_mass_upper": 0.7834205598044268,
            "retained_mass": 0.0,
            "transform": [
              [
                0.39290190363707905,
                0.33418388273362964,
                0.2729142136292913,
                0.0
              ],
              [
                0.39290078472049894,
                0.33418500165020976,
                0.2729142136292913,
                0.0
              ],
              [
                0.39290078472049894,
                0.33418388273362964,
                0.27291533254587147,
                0.0
              ],
              [
                0.39290078472049905,
                0.3341850016502096,
                0.27291421362929136,
                -0.0
              ]
            ],
            "transform_trace": 1.0000022378331603
          },
          {
            "contamination": 1.0,
            "method": "strict_outward_repaired_l1_bridge",
            "minimum_membership_slack": -0.0,
            "optimal_retained_mass_upper": 0.7854638503666094,
            "retained_mass": 0.0,
            "transform": [
              [
                -0.0,
                0.0,
                7.949809044512135e-06,
                0.9999920501909555
              ],
              [
                0.0,
                -0.0,
                7.949809044512135e-06,
                0.9999920501909555
              ],
              [
                0.0,
                -0.0,
                7.949809044512143e-06,
                0.9999920501909555
              ],
              [
                -0.0,
                0.0,
                0.14800425523531027,
                0.8519957447646898
              ]
            ],
            "transform_trace": 0.8520036945737343
          }
        ],
        "method": "strict_simultaneous_l1_bridge_membership",
        "retained_masses": [
          0.0,
          0.0
        ]
      },
      "candidate": "INLP::rank=4",
      "method": "INLP",
      "provenance": {
        "commit": "e1edcc19d808108ab71cbb3afb0389db0206a7eb",
        "compatibility_change": "SGDClassifier loss='log_loss' replaces removed alias loss='log'",
        "official_entrypoint": "src.debias.get_debiasing_projection",
        "rank": 4,
        "remote": "https://github.com/shauli-ravfogel/nullspace_projection.git",
        "repository": "/Volumes/Backups/FARO/external/nullspace_projection"
      },
      "release_l2": {
        "certified_source_advantage_upper": [
          1.0000000000000003e-09,
          1.0000000000000003e-09
        ],
        "certified_worst_conditional_error_upper": 0.5000000010000001,
        "decoder": [
          0,
          1
        ],
        "diagnostic": {
          "estimable": true,
          "missing_strata": [],
          "worst_conditional_error": 0.5,
          "worst_privacy_advantage": 0.0
        },
        "feasibility_guard": 1e-06,
        "max_constraint_violation": 1.3322676295501878e-15,
        "method": "strict_outward_transform_exact_lp",
        "optimization_source_thresholds": [
          0.349999,
          0.349999
        ],
        "release_channel": [
          [
            0.5,
            0.5
          ],
          [
            0.5,
            0.5
          ],
          [
            0.5,
            0.5
          ],
          [
            0.5,
            0.5
          ]
        ],
        "released_token_count": 2,
        "solved_decoder_assignments": 4,
        "solver_dual_bound": 0.5,
        "solver_mip_gap": 0.0,
        "solver_objective": 0.5,
        "solver_status": "Optimization terminated successfully. (HiGHS Status 7: Optimal)",
        "threshold_decisions": {
          "0.30": {
            "deployed": false,
            "diagnostic_safe": false,
            "false_acceptance": false
          },
          "0.35": {
            "deployed": false,
            "diagnostic_safe": false,
            "false_acceptance": false
          },
          "0.40": {
            "deployed": false,
            "diagnostic_safe": false,
            "false_acceptance": false
          },
          "0.45": {
            "deployed": false,
            "diagnostic_safe": false,
            "false_acceptance": false
          },
          "0.49": {
            "deployed": false,
            "diagnostic_safe": false,
            "false_acceptance": false
          }
        },
        "unguarded_source_advantages": [
          0.0,
          0.0
        ],
        "unguarded_worst_conditional_error": 0.5,
        "value_guard": 1e-09
      },
      "strength": "rank=4"
    },
    {
      "bridge_membership": {
        "contaminations": [
          1.0,
          1.0
        ],
        "labels": [
          {
            "contamination": 1.0,
            "method": "strict_outward_repaired_l1_bridge",
            "minimum_membership_slack": -0.0,
            "optimal_retained_mass_upper": 0.7959205598044268,
            "retained_mass": 0.0,
            "transform": [
              [
                0.385474771920925,
                0.33710223424182056,
                0.2774229938372544,
                0.0
              ],
              [
                0.3854739118361986,
                0.337103094326547,
                0.2774229938372544,
                0.0
              ],
              [
                0.3854739118361986,
                0.33710223424182056,
                0.2774238539219809,
                0.0
              ],
              [
                0.38547391183619784,
                0.33710309432654834,
                0.27742299383725383,
                -0.0
              ]
            ],
            "transform_trace": 1.0000017201694529
          },
          {
            "contamination": 1.0,
            "method": "strict_outward_repaired_l1_bridge",
            "minimum_membership_slack": -0.0,
            "optimal_retained_mass_upper": 0.8057739537734174,
            "retained_mass": 0.0,
            "transform": [
              [
                -0.0,
                0.0,
                3.1128020807368695e-06,
                0.9999968871979192
              ],
              [
                0.0,
                -0.0,
                3.1128020807713196e-06,
                0.9999968871979192
              ],
              [
                0.0,
                -0.0,
                3.1128020807713256e-06,
                0.9999968871979192
              ],
              [
                -0.0,
                0.0,
                0.15875221083244212,
                0.8412477891675579
              ]
            ],
            "transform_trace": 0.8412509019696387
          }
        ],
        "method": "strict_simultaneous_l1_bridge_membership",
        "retained_masses": [
          0.0,
          0.0
        ]
      },
      "candidate": "INLP::rank=8",
      "method": "INLP",
      "provenance": {
        "commit": "e1edcc19d808108ab71cbb3afb0389db0206a7eb",
        "compatibility_change": "SGDClassifier loss='log_loss' replaces removed alias loss='log'",
        "official_entrypoint": "src.debias.get_debiasing_projection",
        "rank": 8,
        "remote": "https://github.com/shauli-ravfogel/nullspace_projection.git",
        "repository": "/Volumes/Backups/FARO/external/nullspace_projection"
      },
      "release_l2": {
        "certified_source_advantage_upper": [
          1.0000000000000003e-09,
          1.0000000000000003e-09
        ],
        "certified_worst_conditional_error_upper": 0.5000000010000001,
        "decoder": [
          0,
          1
        ],
        "diagnostic": {
          "estimable": true,
          "missing_strata": [],
          "worst_conditional_error": 0.5,
          "worst_privacy_advantage": 0.0
        },
        "feasibility_guard": 1e-06,
        "max_constraint_violation": 2.220446049250313e-15,
        "method": "strict_outward_transform_exact_lp",
        "optimization_source_thresholds": [
          0.349999,
          0.349999
        ],
        "release_channel": [
          [
            0.5,
            0.5
          ],
          [
            0.5,
            0.5
          ],
          [
            0.5,
            0.5
          ],
          [
            0.5,
            0.5
          ]
        ],
        "released_token_count": 2,
        "solved_decoder_assignments": 4,
        "solver_dual_bound": 0.5,
        "solver_mip_gap": 0.0,
        "solver_objective": 0.5,
        "solver_status": "Optimization terminated successfully. (HiGHS Status 7: Optimal)",
        "threshold_decisions": {
          "0.30": {
            "deployed": false,
            "diagnostic_safe": false,
            "false_acceptance": false
          },
          "0.35": {
            "deployed": false,
            "diagnostic_safe": false,
            "false_acceptance": false
          },
          "0.40": {
            "deployed": false,
            "diagnostic_safe": false,
            "false_acceptance": false
          },
          "0.45": {
            "deployed": false,
            "diagnostic_safe": false,
            "false_acceptance": false
          },
          "0.49": {
            "deployed": false,
            "diagnostic_safe": false,
            "false_acceptance": false
          }
        },
        "unguarded_source_advantages": [
          0.0,
          0.0
        ],
        "unguarded_worst_conditional_error": 0.5,
        "value_guard": 1e-09
      },
      "strength": "rank=8"
    },
    {
      "bridge_membership": {
        "contaminations": [
          1.0,
          1.0
        ],
        "labels": [
          {
            "contamination": 1.0,
            "method": "strict_outward_repaired_l1_bridge",
            "minimum_membership_slack": -0.0,
            "optimal_retained_mass_upper": 0.767420559804427,
            "retained_mass": 0.0,
            "transform": [
              [
                0.3835020786798694,
                0.34049981162304527,
                0.2759981096970853,
                0.0
              ],
              [
                0.3835010327074087,
                0.34050085759550597,
                0.2759981096970853,
                0.0
              ],
              [
                0.3835010327074087,
                0.34049981162304527,
                0.27599915566954614,
                0.0
              ],
              [
                0.38350103270740793,
                0.3405008575955072,
                0.27599810969708477,
                -0.0
              ]
            ],
            "transform_trace": 1.0000020919449215
          },
          {
            "contamination": 1.0,
            "method": "strict_outward_repaired_l1_bridge",
            "minimum_membership_slack": -0.0,
            "optimal_retained_mass_upper": 0.8233707313675969,
            "retained_mass": 0.0,
            "transform": [
              [
                -0.0,
                0.0,
                1.56156317452527e-06,
                0.9999984384368255
              ],
              [
                0.0,
                -0.0,
                1.5615631745084153e-06,
                0.9999984384368255
              ],
              [
                0.0,
                -0.0,
                1.5615631745084106e-06,
                0.9999984384368255
              ],
              [
                -0.0,
                0.0,
                0.16138374985830897,
                0.838616250141691
              ]
            ],
            "transform_trace": 0.8386178117048656
          }
        ],
        "method": "strict_simultaneous_l1_bridge_membership",
        "retained_masses": [
          0.0,
          0.0
        ]
      },
      "candidate": "LEACE::closed_form",
      "method": "LEACE",
      "provenance": {
        "commit": "9f51753821316a1edacf78b52b464ab26d40e60a",
        "official_entrypoint": "concept_erasure.LeaceFitter.fit(method='leace')",
        "remote": "https://github.com/EleutherAI/concept-erasure",
        "repository": "/Volumes/Backups/FARO/external/concept-erasure"
      },
      "release_l2": {
        "certified_source_advantage_upper": [
          1.0000000000000003e-09,
          1.0000000000000003e-09
        ],
        "certified_worst_conditional_error_upper": 0.5000000010000001,
        "decoder": [
          0,
          1
        ],
        "diagnostic": {
          "estimable": true,
          "missing_strata": [],
          "worst_conditional_error": 0.5,
          "worst_privacy_advantage": 0.0
        },
        "feasibility_guard": 1e-06,
        "max_constraint_violation": 1.3322676295501878e-15,
        "method": "strict_outward_transform_exact_lp",
        "optimization_source_thresholds": [
          0.349999,
          0.349999
        ],
        "release_channel": [
          [
            0.5,
            0.5
          ],
          [
            0.5,
            0.5
          ],
          [
            0.5,
            0.5
          ],
          [
            0.5,
            0.5
          ]
        ],
        "released_token_count": 2,
        "solved_decoder_assignments": 4,
        "solver_dual_bound": 0.5,
        "solver_mip_gap": 0.0,
        "solver_objective": 0.5,
        "solver_status": "Optimization terminated successfully. (HiGHS Status 7: Optimal)",
        "threshold_decisions": {
          "0.30": {
            "deployed": false,
            "diagnostic_safe": false,
            "false_acceptance": false
          },
          "0.35": {
            "deployed": false,
            "diagnostic_safe": false,
            "false_acceptance": false
          },
          "0.40": {
            "deployed": false,
            "diagnostic_safe": false,
            "false_acceptance": false
          },
          "0.45": {
            "deployed": false,
            "diagnostic_safe": false,
            "false_acceptance": false
          },
          "0.49": {
            "deployed": false,
            "diagnostic_safe": false,
            "false_acceptance": false
          }
        },
        "unguarded_source_advantages": [
          0.0,
          0.0
        ],
        "unguarded_worst_conditional_error": 0.5,
        "value_guard": 1e-09
      },
      "strength": "closed_form"
    },
    {
      "bridge_membership": {
        "contaminations": [
          1.0,
          1.0
        ],
        "labels": [
          {
            "contamination": 1.0,
            "method": "strict_outward_repaired_l1_bridge",
            "minimum_membership_slack": -0.0,
            "optimal_retained_mass_upper": 0.698524350133199,
            "retained_mass": 0.0,
            "transform": [
              [
                0.5564503037051757,
                0.4435496962948244,
                0.0,
                0.0
              ],
              [
                0.5564474796754678,
                0.44355252032453213,
                0.0,
                0.0
              ],
              [
                0.0,
                0.19662724066294046,
                0.8033727593370595,
                0.0
              ],
              [
                0.0,
                0.19662724066294046,
                0.8033727593370595,
                -0.0
              ]
            ],
            "transform_trace": 1.8033755833667673
          },
          {
            "contamination": 1.0,
            "method": "strict_outward_repaired_l1_bridge",
            "minimum_membership_slack": -0.0,
            "optimal_retained_mass_upper": 0.7401137065362846,
            "retained_mass": 0.0,
            "transform": [
              [
                -0.0,
                -0.0,
                0.10310210568803711,
                0.8968978943119629
              ],
              [
                0.0,
                -0.0,
                0.10310210568803711,
                0.8968978943119629
              ],
              [
                0.0,
                0.0,
                0.10310210568803692,
                0.8968978943119631
              ],
              [
                0.0,
                0.0,
                0.10310124446307627,
                0.8968987555369238
              ]
            ],
            "transform_trace": 1.0000008612249607
          }
        ],
        "method": "strict_simultaneous_l1_bridge_membership",
        "retained_masses": [
          0.0,
          0.0
        ]
      },
      "candidate": "R-LACE::rank=1",
      "method": "R-LACE",
      "provenance": {
        "commit": "2d9b6d03f65416172b4a2ca7f6da10e374002e5f",
        "compatibility_change": "SGDClassifier loss='log_loss' replaces removed alias loss='log'",
        "iterations": 10000,
        "official_entrypoint": "rlace.solve_adv_game",
        "rank": 1,
        "remote": "https://github.com/shauli-ravfogel/rlace-icml",
        "reported_upstream_score": 0.99275,
        "repository": "/Volumes/Backups/FARO/external/rlace-icml"
      },
      "release_l2": {
        "certified_source_advantage_upper": [
          1.0000000000000003e-09,
          1.0000000000000003e-09
        ],
        "certified_worst_conditional_error_upper": 0.5000000010000001,
        "decoder": [
          0,
          1
        ],
        "diagnostic": {
          "estimable": true,
          "missing_strata": [],
          "worst_conditional_error": 0.5,
          "worst_privacy_advantage": 0.0
        },
        "feasibility_guard": 1e-06,
        "max_constraint_violation": 2.220446049250313e-16,
        "method": "strict_outward_transform_exact_lp",
        "optimization_source_thresholds": [
          0.349999,
          0.349999
        ],
        "release_channel": [
          [
            0.5,
            0.5
          ],
          [
            0.5,
            0.5
          ],
          [
            0.5,
            0.5
          ],
          [
            0.5,
            0.5
          ]
        ],
        "released_token_count": 2,
        "solved_decoder_assignments": 4,
        "solver_dual_bound": 0.5,
        "solver_mip_gap": 0.0,
        "solver_objective": 0.5,
        "solver_status": "Optimization terminated successfully. (HiGHS Status 7: Optimal)",
        "threshold_decisions": {
          "0.30": {
            "deployed": false,
            "diagnostic_safe": false,
            "false_acceptance": false
          },
          "0.35": {
            "deployed": false,
            "diagnostic_safe": false,
            "false_acceptance": false
          },
          "0.40": {
            "deployed": false,
            "diagnostic_safe": false,
            "false_acceptance": false
          },
          "0.45": {
            "deployed": false,
            "diagnostic_safe": false,
            "false_acceptance": false
          },
          "0.49": {
            "deployed": false,
            "diagnostic_safe": false,
            "false_acceptance": false
          }
        },
        "unguarded_source_advantages": [
          0.0,
          0.0
        ],
        "unguarded_worst_conditional_error": 0.5,
        "value_guard": 1e-09
      },
      "strength": "rank=1"
    },
    {
      "bridge_membership": {
        "contaminations": [
          1.0,
          1.0
        ],
        "labels": [
          {
            "contamination": 1.0,
            "method": "strict_outward_repaired_l1_bridge",
            "minimum_membership_slack": -0.0,
            "optimal_retained_mass_upper": 0.6996498402231064,
            "retained_mass": 0.0,
            "transform": [
              [
                0.5632232128680529,
                0.43677678713194706,
                0.0,
                0.0
              ],
              [
                0.5632203933812135,
                0.4367796066187864,
                0.0,
                0.0
              ],
              [
                0.0,
                0.21586367355143418,
                0.7841363264485658,
                0.0
              ],
              [
                -0.0,
                0.2158636735514342,
                0.7841363264485658,
                -0.0
              ]
            ],
            "transform_trace": 1.7841391459354052
          },
          {
            "contamination": 1.0,
            "method": "strict_outward_repaired_l1_bridge",
            "minimum_membership_slack": -0.0,
            "optimal_retained_mass_upper": 0.7441137065362846,
            "retained_mass": 0.0,
            "transform": [
              [
                -0.0,
                -0.0,
                0.10523569947060252,
                0.8947643005293975
              ],
              [
                0.0,
                -0.0,
                0.10523569947060252,
                0.8947643005293975
              ],
              [
                0.0,
                0.0,
                0.10523569947060273,
                0.8947643005293974
              ],
              [
                0.0,
                0.0,
                0.10523476222563947,
                0.8947652377743606
              ]
            ],
            "transform_trace": 1.0000009372449632
          }
        ],
        "method": "strict_simultaneous_l1_bridge_membership",
        "retained_masses": [
          0.0,
          0.0
        ]
      },
      "candidate": "R-LACE::rank=4",
      "method": "R-LACE",
      "provenance": {
        "commit": "2d9b6d03f65416172b4a2ca7f6da10e374002e5f",
        "compatibility_change": "SGDClassifier loss='log_loss' replaces removed alias loss='log'",
        "iterations": 10000,
        "official_entrypoint": "rlace.solve_adv_game",
