{
  "dataset": "BiasBios-Clinical",
  "l4_candidate": "INLP::rank=1",
  "minimum_membership_slack": -0.0,
  "numerical_policy": {
    "bridge_feasibility_guard": 1e-09,
    "decision_tolerance": 0.0,
    "release_optimization_guard": 1e-06,
    "reported_value_guard": 1e-09
  },
  "original_receipt": "research/artifacts/mosaic_bridge_confirmation_receipts_v1/BiasBios-Clinical__seed1209.json",
  "original_receipt_sha256": "9405dd1f2ec6b95476eded58c472a44cc850a62bbdf22356ce1825c6c8a6820d",
  "preregistration_sha256": "d1fd9c04bd5b6dd76f35b6bc2e1bf8badb23dceeb32a19edf36fcfd611b8bf02",
  "primary_selection": {
    "candidate": null,
    "decision": "abstain",
    "reason": "no candidate satisfied the strictly replayed contract",
    "utility_threshold": 0.4
  },
  "project": "MOSAIC strict numerical bridge replay",
  "protocol": {
    "bridge_fraction": 0.6666666666666666,
    "familywise_delta": 0.05,
    "fine_token_count": 4,
    "frontier_candidate_count": 13,
    "l4_policy": "reoptimize the minimum-error L2 candidate on the same covered table",
    "per_candidate_table_delta": 0.0019230769230769232,
    "primary_released_token_count": 2,
    "primary_utility_threshold": 0.4,
    "privacy_advantage_threshold": 0.35,
    "secondary_released_token_count": 4,
    "utility_thresholds": [
      0.3,
      0.35,
      0.4,
      0.45,
      0.49
    ]
  },
  "results": [
    {
      "bridge_membership": {
        "contaminations": [
          1.0,
          1.0
        ],
        "labels": [
          {
            "contamination": 1.0,
            "method": "strict_outward_repaired_l1_bridge",
            "minimum_membership_slack": -0.0,
            "optimal_retained_mass_upper": 0.6768145977533466,
            "retained_mass": 0.0,
            "transform": [
              [
                0.5828888798847448,
                0.4171111201152552,
                0.0,
                0.0
              ],
              [
                0.14415721569647932,
                0.4171111201152552,
                0.4387316641882655,
                0.0
              ],
              [
                0.14414475473974675,
                0.4171111201152552,
                0.43874412514499805,
                0.0
              ],
              [
                0.1441447547397468,
                0.4171111201152552,
                0.43874412514499794,
                -0.0
              ]
            ],
            "transform_trace": 1.4387441251449982
          },
          {
            "contamination": 1.0,
            "method": "strict_outward_repaired_l1_bridge",
            "minimum_membership_slack": -0.0,
            "optimal_retained_mass_upper": 0.7431137065362844,
            "retained_mass": 0.0,
            "transform": [
              [
                -0.0,
                -0.0,
                0.10066642732329711,
                0.8993335726767029
              ],
              [
                0.0,
                -0.0,
                0.10066754513266171,
                0.8993324548673383
              ],
              [
                0.0,
                0.0,
                0.10066754513266177,
                0.8993324548673383
              ],
              [
                0.0,
                0.0,
                0.10066642732329711,
                0.8993335726767029
              ]
            ],
            "transform_trace": 1.0000011178093646
          }
        ],
        "method": "strict_simultaneous_l1_bridge_membership",
        "retained_masses": [
          0.0,
          0.0
        ]
      },
      "candidate": "Identity::unedited",
      "method": "Identity",
      "provenance": {
        "official_entrypoint": "none (unedited control)",
        "transformation": "identity"
      },
      "release_l2": {
        "certified_source_advantage_upper": [
          1.0000000000000003e-09,
          1.0000000000000003e-09
        ],
        "certified_worst_conditional_error_upper": 0.5000000010000001,
        "decoder": [
          0,
          1
        ],
        "diagnostic": {
          "estimable": true,
          "missing_strata": [],
          "worst_conditional_error": 0.5,
          "worst_privacy_advantage": 0.0
        },
        "feasibility_guard": 1e-06,
        "max_constraint_violation": 4.491600545928353e-16,
        "method": "strict_outward_transform_exact_lp",
        "optimization_source_thresholds": [
          0.349999,
          0.349999
        ],
        "release_channel": [
          [
            0.5,
            0.5
          ],
          [
            0.5,
            0.5
          ],
          [
            0.5,
            0.5
          ],
          [
            0.5,
            0.5
          ]
        ],
        "released_token_count": 2,
        "solved_decoder_assignments": 4,
        "solver_dual_bound": 0.5,
        "solver_mip_gap": 0.0,
        "solver_objective": 0.5,
        "solver_status": "Optimization terminated successfully. (HiGHS Status 7: Optimal)",
        "threshold_decisions": {
          "0.30": {
            "deployed": false,
            "diagnostic_safe": false,
            "false_acceptance": false
          },
          "0.35": {
            "deployed": false,
            "diagnostic_safe": false,
            "false_acceptance": false
          },
          "0.40": {
            "deployed": false,
            "diagnostic_safe": false,
            "false_acceptance": false
          },
          "0.45": {
            "deployed": false,
            "diagnostic_safe": false,
            "false_acceptance": false
          },
          "0.49": {
            "deployed": false,
            "diagnostic_safe": false,
            "false_acceptance": false
          }
        },
        "unguarded_source_advantages": [
          0.0,
          0.0
        ],
        "unguarded_worst_conditional_error": 0.5,
        "value_guard": 1e-09
      },
      "strength": "unedited"
    },
    {
      "bridge_membership": {
        "contaminations": [
          1.0,
          1.0
        ],
        "labels": [
          {
            "contamination": 1.0,
            "method": "strict_outward_repaired_l1_bridge",
            "minimum_membership_slack": -0.0,
            "optimal_retained_mass_upper": 0.673276452301882,
            "retained_mass": 0.0,
            "transform": [
              [
                0.5844100980058139,
                0.4155899019941861,
                0.0,
                0.0
              ],
              [
                0.14386129527182265,
                0.4155899019941861,
                0.4405488027339912,
                0.0
              ],
              [
                0.14384690989153057,
                0.4155899019941861,
                0.4405631881142833,
                0.0
              ],
              [
                0.14384690989153065,
                0.4155899019941861,
                0.44056318811428324,
                -0.0
              ]
            ],
            "transform_trace": 1.4405631881142833
          },
          {
            "contamination": 1.0,
            "method": "strict_outward_repaired_l1_bridge",
            "minimum_membership_slack": -0.0,
            "optimal_retained_mass_upper": 0.7406137065362847,
            "retained_mass": 0.0,
            "transform": [
              [
                -0.0,
                -0.0,
                0.09898088483336723,
                0.9010191151666328
              ],
              [
                0.0,
                -0.0,
                0.09898201581055076,
                0.9010179841894492
              ],
              [
                0.0,
                0.0,
                0.0989820158105509,
                0.9010179841894491
              ],
              [
                0.0,
                0.0,
                0.09898088483336721,
                0.9010191151666328
              ]
            ],
            "transform_trace": 1.0000011309771837
          }
        ],
        "method": "strict_simultaneous_l1_bridge_membership",
        "retained_masses": [
          0.0,
          0.0
        ]
      },
      "candidate": "INLP::rank=1",
      "method": "INLP",
      "provenance": {
        "commit": "e1edcc19d808108ab71cbb3afb0389db0206a7eb",
        "compatibility_change": "SGDClassifier loss='log_loss' replaces removed alias loss='log'",
        "official_entrypoint": "src.debias.get_debiasing_projection",
        "rank": 1,
        "remote": "https://github.com/shauli-ravfogel/nullspace_projection.git",
        "repository": "/Volumes/Backups/FARO/external/nullspace_projection"
      },
      "release_l2": {
        "certified_source_advantage_upper": [
          1.0000000000000003e-09,
          1.0000000000000003e-09
        ],
        "certified_worst_conditional_error_upper": 0.5000000010000001,
        "decoder": [
          0,
          1
        ],
        "diagnostic": {
          "estimable": true,
          "missing_strata": [],
          "worst_conditional_error": 0.5,
          "worst_privacy_advantage": 0.0
        },
        "feasibility_guard": 1e-06,
        "max_constraint_violation": 2.0326141081874978e-16,
        "method": "strict_outward_transform_exact_lp",
        "optimization_source_thresholds": [
          0.349999,
          0.349999
        ],
        "release_channel": [
          [
            0.5,
            0.5
          ],
          [
            0.5,
            0.5
          ],
          [
            0.5,
            0.5
          ],
          [
            0.5,
            0.5
          ]
        ],
        "released_token_count": 2,
        "solved_decoder_assignments": 4,
        "solver_dual_bound": 0.5,
        "solver_mip_gap": 0.0,
        "solver_objective": 0.5,
        "solver_status": "Optimization terminated successfully. (HiGHS Status 7: Optimal)",
        "threshold_decisions": {
          "0.30": {
            "deployed": false,
            "diagnostic_safe": false,
            "false_acceptance": false
          },
          "0.35": {
            "deployed": false,
            "diagnostic_safe": false,
            "false_acceptance": false
          },
          "0.40": {
            "deployed": false,
            "diagnostic_safe": false,
            "false_acceptance": false
          },
          "0.45": {
            "deployed": false,
            "diagnostic_safe": false,
            "false_acceptance": false
          },
          "0.49": {
            "deployed": false,
            "diagnostic_safe": false,
            "false_acceptance": false
          }
        },
        "unguarded_source_advantages": [
          0.0,
          0.0
        ],
        "unguarded_worst_conditional_error": 0.5,
        "value_guard": 1e-09
      },
      "release_l4": {
        "certified_source_advantage_upper": [
          1.0000000000000003e-09,
          1.0000000000000003e-09
        ],
        "certified_worst_conditional_error_upper": 0.5000000010000001,
        "decoder": [
          0,
          0,
          0,
          1
        ],
        "diagnostic": {
          "estimable": true,
          "missing_strata": [],
          "worst_conditional_error": 0.5,
          "worst_privacy_advantage": 0.0
        },
        "feasibility_guard": 1e-06,
        "max_constraint_violation": 3.552713678800501e-15,
        "method": "strict_outward_transform_exact_lp",
        "optimization_source_thresholds": [
          0.349999,
          0.349999
        ],
        "release_channel": [
          [
            -0.0,
            0.5,
            -0.0,
            0.5
          ],
          [
            -0.0,
            0.5,
            -0.0,
            0.5
          ],
          [
            0.0,
            0.5,
            -0.0,
            0.5
          ],
          [
            -0.0,
            0.5,
            -0.0,
            0.5
          ]
        ],
        "released_token_count": 4,
        "solved_decoder_assignments": 16,
        "solver_dual_bound": 0.5,
        "solver_mip_gap": 0.0,
        "solver_objective": 0.5,
        "solver_status": "Optimization terminated successfully. (HiGHS Status 7: Optimal)",
        "threshold_decisions": {
          "0.30": {
            "deployed": false,
            "diagnostic_safe": false,
            "false_acceptance": false
          },
          "0.35": {
            "deployed": false,
            "diagnostic_safe": false,
            "false_acceptance": false
          },
          "0.40": {
            "deployed": false,
            "diagnostic_safe": false,
            "false_acceptance": false
          },
          "0.45": {
            "deployed": false,
            "diagnostic_safe": false,
            "false_acceptance": false
          },
          "0.49": {
            "deployed": false,
            "diagnostic_safe": false,
            "false_acceptance": false
          }
        },
        "unguarded_source_advantages": [
          0.0,
          0.0
        ],
        "unguarded_worst_conditional_error": 0.5,
        "value_guard": 1e-09
      },
      "strength": "rank=1"
    },
    {
      "bridge_membership": {
        "contaminations": [
          1.0,
          1.0
        ],
        "labels": [
          {
            "contamination": 1.0,
            "method": "strict_outward_repaired_l1_bridge",
            "minimum_membership_slack": -0.0,
            "optimal_retained_mass_upper": 0.6783851860884262,
            "retained_mass": 0.0,
            "transform": [
              [
                0.5764841250789343,
                0.4235158749210657,
                0.0,
                0.0
              ],
              [
                0.14439096138741814,
                0.4235158749210657,
                0.4320931636915162,
                0.0
              ],
              [
                0.14437906927985847,
                0.4235158749210657,
                0.4321050557990759,
                0.0
              ],
              [
                0.14437906927985839,
                0.4235158749210657,
                0.43210505579907593,
                -0.0
              ]
            ],
            "transform_trace": 1.432105055799076
          },
          {
            "contamination": 1.0,
            "method": "strict_outward_repaired_l1_bridge",
            "minimum_membership_slack": -0.0,
            "optimal_retained_mass_upper": 0.7376137065362846,
            "retained_mass": 0.0,
            "transform": [
              [
                -0.0,
                -0.0,
                0.1027727758057502,
                0.8972272241942498
              ],
              [
                0.0,
                -0.0,
                0.1027738745690943,
                0.8972261254309057
              ],
              [
                0.0,
                0.0,
                0.10277387456909363,
                0.8972261254309064
              ],
              [
                0.0,
                0.0,
                0.1027727758057502,
                0.8972272241942498
              ]
            ],
            "transform_trace": 1.0000010987633434
          }
        ],
        "method": "strict_simultaneous_l1_bridge_membership",
        "retained_masses": [
          0.0,
          0.0
        ]
      },
      "candidate": "INLP::rank=2",
      "method": "INLP",
      "provenance": {
        "commit": "e1edcc19d808108ab71cbb3afb0389db0206a7eb",
        "compatibility_change": "SGDClassifier loss='log_loss' replaces removed alias loss='log'",
        "official_entrypoint": "src.debias.get_debiasing_projection",
        "rank": 2,
        "remote": "https://github.com/shauli-ravfogel/nullspace_projection.git",
        "repository": "/Volumes/Backups/FARO/external/nullspace_projection"
      },
      "release_l2": {
        "certified_source_advantage_upper": [
          1.0000000000000003e-09,
          1.0000000000000003e-09
        ],
        "certified_worst_conditional_error_upper": 0.5000000010000001,
        "decoder": [
          0,
          1
        ],
        "diagnostic": {
          "estimable": true,
          "missing_strata": [],
          "worst_conditional_error": 0.5,
          "worst_privacy_advantage": 0.0
        },
        "feasibility_guard": 1e-06,
        "max_constraint_violation": 1.1560485465356728e-16,
        "method": "strict_outward_transform_exact_lp",
        "optimization_source_thresholds": [
          0.349999,
          0.349999
        ],
        "release_channel": [
          [
            0.5,
            0.5
          ],
          [
            0.5,
            0.5
          ],
          [
            0.5,
            0.5
          ],
          [
            0.5,
            0.5
          ]
        ],
        "released_token_count": 2,
        "solved_decoder_assignments": 4,
        "solver_dual_bound": 0.5,
        "solver_mip_gap": 0.0,
        "solver_objective": 0.5,
        "solver_status": "Optimization terminated successfully. (HiGHS Status 7: Optimal)",
        "threshold_decisions": {
          "0.30": {
            "deployed": false,
            "diagnostic_safe": false,
            "false_acceptance": false
          },
          "0.35": {
            "deployed": false,
            "diagnostic_safe": false,
            "false_acceptance": false
          },
          "0.40": {
            "deployed": false,
            "diagnostic_safe": false,
            "false_acceptance": false
          },
          "0.45": {
            "deployed": false,
            "diagnostic_safe": false,
            "false_acceptance": false
          },
          "0.49": {
            "deployed": false,
            "diagnostic_safe": false,
            "false_acceptance": false
          }
        },
        "unguarded_source_advantages": [
          0.0,
          0.0
        ],
        "unguarded_worst_conditional_error": 0.5,
        "value_guard": 1e-09
      },
      "strength": "rank=2"
    },
    {
      "bridge_membership": {
        "contaminations": [
          1.0,
          1.0
        ],
        "labels": [
          {
            "contamination": 1.0,
            "method": "strict_outward_repaired_l1_bridge",
            "minimum_membership_slack": -0.0,
            "optimal_retained_mass_upper": 0.7469205598044268,
            "retained_mass": 0.0,
            "transform": [
              [
                0.33445026996025107,
                0.3612243493591071,
                0.3043253806806419,
                0.0
              ],
              [
                0.33444834042838467,
                0.3612262788909735,
                0.3043253806806419,
                0.0
              ],
              [
                0.33444834042838467,
                0.3612262788909735,
                0.3043253806806419,
                0.0
              ],
              [
                0.33444834042838467,
                0.3612262788909735,
                0.3043253806806419,
                -0.0
              ]
            ],
            "transform_trace": 1.0000019295318665
          },
          {
            "contamination": 1.0,
            "method": "strict_outward_repaired_l1_bridge",
            "minimum_membership_slack": -0.0,
            "optimal_retained_mass_upper": 0.7962841961789205,
            "retained_mass": 0.0,
            "transform": [
              [
                -0.0,
                -0.0,
                6.488337825461354e-06,
                0.9999935116621745
              ],
              [
                -0.0,
                -0.0,
                6.488337825461348e-06,
                0.9999935116621745
              ],
              [
                -0.0,
                -0.0,
                6.488337825461354e-06,
                0.9999935116621745
              ],
              [
                -0.0,
                0.0,
                0.14863723640442636,
                0.8513627635955736
              ]
            ],
            "transform_trace": 0.8513692519333991
          }
        ],
        "method": "strict_simultaneous_l1_bridge_membership",
        "retained_masses": [
          0.0,
          0.0
        ]
      },
      "candidate": "INLP::rank=4",
      "method": "INLP",
      "provenance": {
        "commit": "e1edcc19d808108ab71cbb3afb0389db0206a7eb",
        "compatibility_change": "SGDClassifier loss='log_loss' replaces removed alias loss='log'",
        "official_entrypoint": "src.debias.get_debiasing_projection",
        "rank": 4,
        "remote": "https://github.com/shauli-ravfogel/nullspace_projection.git",
        "repository": "/Volumes/Backups/FARO/external/nullspace_projection"
      },
      "release_l2": {
        "certified_source_advantage_upper": [
          1.0000000000000003e-09,
          1.0000000000000003e-09
        ],
        "certified_worst_conditional_error_upper": 0.5000000010000001,
        "decoder": [
          0,
          1
        ],
        "diagnostic": {
          "estimable": true,
          "missing_strata": [],
          "worst_conditional_error": 0.5,
          "worst_privacy_advantage": 0.0
        },
        "feasibility_guard": 1e-06,
        "max_constraint_violation": 1.3322676295501878e-15,
        "method": "strict_outward_transform_exact_lp",
        "optimization_source_thresholds": [
          0.349999,
          0.349999
        ],
        "release_channel": [
          [
            0.5,
            0.5
          ],
          [
            0.5,
            0.5
          ],
          [
            0.5,
            0.5
          ],
          [
            0.5,
            0.5
          ]
        ],
        "released_token_count": 2,
        "solved_decoder_assignments": 4,
        "solver_dual_bound": 0.5,
        "solver_mip_gap": 0.0,
        "solver_objective": 0.5,
        "solver_status": "Optimization terminated successfully. (HiGHS Status 7: Optimal)",
        "threshold_decisions": {
          "0.30": {
            "deployed": false,
            "diagnostic_safe": false,
            "false_acceptance": false
          },
          "0.35": {
            "deployed": false,
            "diagnostic_safe": false,
            "false_acceptance": false
          },
          "0.40": {
            "deployed": false,
            "diagnostic_safe": false,
            "false_acceptance": false
          },
          "0.45": {
            "deployed": false,
            "diagnostic_safe": false,
            "false_acceptance": false
          },
          "0.49": {
            "deployed": false,
            "diagnostic_safe": false,
            "false_acceptance": false
          }
        },
        "unguarded_source_advantages": [
          0.0,
          0.0
        ],
        "unguarded_worst_conditional_error": 0.5,
        "value_guard": 1e-09
      },
      "strength": "rank=4"
    },
    {
      "bridge_membership": {
        "contaminations": [
          0.27227313587176905,
          1.0
        ],
        "labels": [
          {
            "contamination": 0.27227313587176905,
            "method": "strict_outward_repaired_l1_bridge",
            "minimum_membership_slack": 1.7315838775865122e-09,
            "optimal_retained_mass_upper": 0.727727413072569,
            "retained_mass": 0.727726864128231,
            "transform": [
              [
                0.3274730012524094,
                0.3528888481371778,
                0.3157811382134322,
                0.0038570123969806137
              ],
              [
                0.3274640703094913,
                0.3528888481371778,
                0.3157900691563503,
                0.0038570123969806137
              ],
              [
                0.3274640703094913,
                0.3528888481371778,
                0.3157900691563503,
                0.0038570123969806137
              ],
              [
                0.3274640703094913,
                0.3528888481371778,
                0.3157900691563503,
                0.0038570123969806137
              ]
            ],
            "transform_trace": 1.000008930942918
          },
          {
            "contamination": 1.0,
            "method": "strict_outward_repaired_l1_bridge",
            "minimum_membership_slack": -0.0,
            "optimal_retained_mass_upper": 0.8277131180759089,
            "retained_mass": 0.0,
            "transform": [
              [
                -0.0,
                -0.0,
                1.419793009021486e-06,
                0.999998580206991
              ],
              [
                0.0,
                -0.0,
                1.4197930090214972e-06,
                0.999998580206991
              ],
              [
                -0.0,
                -0.0,
                1.4197930090214717e-06,
                0.9999985802069911
              ],
              [
                0.0,
                0.0,
                0.155313870338503,
                0.844686129661497
              ]
            ],
            "transform_trace": 0.8446875494545061
          }
        ],
        "method": "strict_simultaneous_l1_bridge_membership",
        "retained_masses": [
          0.727726864128231,
          0.0
        ]
      },
      "candidate": "INLP::rank=8",
      "method": "INLP",
      "provenance": {
        "commit": "e1edcc19d808108ab71cbb3afb0389db0206a7eb",
        "compatibility_change": "SGDClassifier loss='log_loss' replaces removed alias loss='log'",
        "official_entrypoint": "src.debias.get_debiasing_projection",
        "rank": 8,
        "remote": "https://github.com/shauli-ravfogel/nullspace_projection.git",
        "repository": "/Volumes/Backups/FARO/external/nullspace_projection"
      },
      "release_l2": {
        "certified_source_advantage_upper": [
          1.0000000000000003e-09,
          1.0000000000000003e-09
        ],
        "certified_worst_conditional_error_upper": 0.5000000010000001,
        "decoder": [
          0,
          1
        ],
        "diagnostic": {
          "estimable": true,
          "missing_strata": [],
          "worst_conditional_error": 0.5,
          "worst_privacy_advantage": 0.0
        },
        "feasibility_guard": 1e-06,
        "max_constraint_violation": 5.551115123125783e-17,
        "method": "strict_outward_transform_exact_lp",
        "optimization_source_thresholds": [
          0.349999,
          0.349999
        ],
        "release_channel": [
          [
            0.5,
            0.5
          ],
          [
            0.5,
            0.49999999999999994
          ],
          [
            0.5,
            0.5
          ],
          [
            0.5,
            0.5
          ]
        ],
        "released_token_count": 2,
        "solved_decoder_assignments": 4,
        "solver_dual_bound": 0.5,
        "solver_mip_gap": 0.0,
        "solver_objective": 0.5,
        "solver_status": "Optimization terminated successfully. (HiGHS Status 7: Optimal)",
        "threshold_decisions": {
          "0.30": {
            "deployed": false,
            "diagnostic_safe": false,
            "false_acceptance": false
          },
          "0.35": {
            "deployed": false,
            "diagnostic_safe": false,
            "false_acceptance": false
          },
          "0.40": {
            "deployed": false,
            "diagnostic_safe": false,
            "false_acceptance": false
          },
          "0.45": {
            "deployed": false,
            "diagnostic_safe": false,
            "false_acceptance": false
          },
          "0.49": {
            "deployed": false,
            "diagnostic_safe": false,
            "false_acceptance": false
          }
        },
        "unguarded_source_advantages": [
          0.0,
          0.0
        ],
        "unguarded_worst_conditional_error": 0.5,
        "value_guard": 1e-09
      },
      "strength": "rank=8"
    },
    {
      "bridge_membership": {
        "contaminations": [
          1.0,
          1.0
        ],
        "labels": [
          {
            "contamination": 1.0,
            "method": "strict_outward_repaired_l1_bridge",
            "minimum_membership_slack": -0.0,
            "optimal_retained_mass_upper": 0.753920559804427,
            "retained_mass": 0.0,
            "transform": [
              [
                0.335325151186573,
                0.3572085752096483,
                0.30746627360377865,
                0.0
              ],
              [
                0.3353217402164088,
                0.3572085752096483,
                0.30746968457394286,
                0.0
              ],
              [
                0.3353217402164088,
                0.3572085752096483,
                0.30746968457394286,
                0.0
              ],
              [
                0.3353217402164088,
                0.3572085752096483,
                0.30746968457394286,
                -0.0
              ]
            ],
            "transform_trace": 1.000003410970164
          },
          {
            "contamination": 1.0,
            "method": "strict_outward_repaired_l1_bridge",
            "minimum_membership_slack": -0.0,
            "optimal_retained_mass_upper": 0.8022506007589042,
            "retained_mass": 0.0,
            "transform": [
              [
                -0.0,
                -0.0,
                4.334468535501224e-06,
                0.9999956655314646
              ],
              [
                0.0,
                -0.0,
                4.3344685355012144e-06,
                0.9999956655314645
              ],
              [
                -0.0,
                -0.0,
                4.334468535501201e-06,
                0.9999956655314645
              ],
              [
                -0.0,
                0.0,
                0.12615461569380843,
                0.8738453843061916
              ]
            ],
            "transform_trace": 0.8738497187747272
          }
        ],
        "method": "strict_simultaneous_l1_bridge_membership",
        "retained_masses": [
          0.0,
          0.0
        ]
      },
      "candidate": "LEACE::closed_form",
      "method": "LEACE",
      "provenance": {
        "commit": "9f51753821316a1edacf78b52b464ab26d40e60a",
        "official_entrypoint": "concept_erasure.LeaceFitter.fit(method='leace')",
        "remote": "https://github.com/EleutherAI/concept-erasure",
        "repository": "/Volumes/Backups/FARO/external/concept-erasure"
      },
      "release_l2": {
        "certified_source_advantage_upper": [
          1.0000000000000003e-09,
          1.0000000000000003e-09
        ],
        "certified_worst_conditional_error_upper": 0.5000000010000001,
        "decoder": [
          0,
          1
        ],
        "diagnostic": {
          "estimable": true,
          "missing_strata": [],
          "worst_conditional_error": 0.5,
          "worst_privacy_advantage": 0.0
        },
        "feasibility_guard": 1e-06,
        "max_constraint_violation": 1.3322676295501878e-15,
        "method": "strict_outward_transform_exact_lp",
        "optimization_source_thresholds": [
          0.349999,
          0.349999
        ],
        "release_channel": [
          [
            0.5,
            0.5
          ],
          [
            0.5,
            0.5
          ],
          [
            0.5,
            0.5
          ],
          [
            0.5,
            0.5
          ]
        ],
        "released_token_count": 2,
        "solved_decoder_assignments": 4,
        "solver_dual_bound": 0.5,
        "solver_mip_gap": 0.0,
        "solver_objective": 0.5,
        "solver_status": "Optimization terminated successfully. (HiGHS Status 7: Optimal)",
        "threshold_decisions": {
          "0.30": {
            "deployed": false,
            "diagnostic_safe": false,
            "false_acceptance": false
          },
          "0.35": {
            "deployed": false,
            "diagnostic_safe": false,
            "false_acceptance": false
          },
          "0.40": {
            "deployed": false,
            "diagnostic_safe": false,
            "false_acceptance": false
          },
          "0.45": {
            "deployed": false,
            "diagnostic_safe": false,
            "false_acceptance": false
          },
          "0.49": {
            "deployed": false,
            "diagnostic_safe": false,
            "false_acceptance": false
          }
        },
        "unguarded_source_advantages": [
          0.0,
          0.0
        ],
        "unguarded_worst_conditional_error": 0.5,
        "value_guard": 1e-09
      },
      "strength": "closed_form"
    },
    {
      "bridge_membership": {
        "contaminations": [
          1.0,
          1.0
        ],
        "labels": [
          {
            "contamination": 1.0,
            "method": "strict_outward_repaired_l1_bridge",
            "minimum_membership_slack": -0.0,
            "optimal_retained_mass_upper": 0.676030792958637,
            "retained_mass": 0.0,
            "transform": [
              [
                0.5809260493362297,
                0.4190739506637703,
                0.0,
                0.0
              ],
              [
                0.14746165412501322,
                0.4190739506637703,
                0.4334643952112165,
                0.0
              ],
              [
                0.14744944454135708,
                0.4190739506637703,
                0.4334766047948726,
                0.0
              ],
              [
                0.147449444541357,
                0.4190739506637703,
                0.4334766047948727,
                -0.0
              ]
            ],
            "transform_trace": 1.4334766047948726
          },
          {
            "contamination": 1.0,
            "method": "strict_outward_repaired_l1_bridge",
            "minimum_membership_slack": -0.0,
            "optimal_retained_mass_upper": 0.7456137065362847,
            "retained_mass": 0.0,
            "transform": [
              [
                -0.0,
                -0.0,
                0.09965831379852952,
                0.9003416862014706
              ],
              [
                0.0,
                -0.0,
                0.09965942785994077,
                0.9003405721400592
              ],
              [
                0.0,
                0.0,
                0.09965942785994047,
                0.9003405721400596
              ],
              [
                0.0,
                0.0,
                0.09965831379852952,
                0.9003416862014706
              ]
            ],
            "transform_trace": 1.0000011140614111
          }
        ],
        "method": "strict_simultaneous_l1_bridge_membership",
        "retained_masses": [
          0.0,
          0.0
        ]
      },
      "candidate": "R-LACE::rank=1",
      "method": "R-LACE",
      "provenance": {
        "commit": "2d9b6d03f65416172b4a2ca7f6da10e374002e5f",
        "compatibility_change": "SGDClassifier loss='log_loss' replaces removed alias loss='log'",
        "iterations": 10000,
        "official_entrypoint": "rlace.solve_adv_game",
        "rank": 1,
        "remote": "https://github.com/shauli-ravfogel/rlace-icml",
        "reported_upstream_score": 0.99125,
        "repository": "/Volumes/Backups/FARO/external/rlace-icml"
      },
      "release_l2": {
        "certified_source_advantage_upper": [
          1.0000000000000003e-09,
          1.0000000000000003e-09
        ],
        "certified_worst_conditional_error_upper": 0.5000000010000001,
        "decoder": [
          0,
          1
        ],
        "diagnostic": {
          "estimable": true,
          "missing_strata": [],
          "worst_conditional_error": 0.5,
          "worst_privacy_advantage": 0.0
        },
        "feasibility_guard": 1e-06,
        "max_constraint_violation": 4.517165977143982e-16,
        "method": "strict_outward_transform_exact_lp",
        "optimization_source_thresholds": [
          0.349999,
          0.349999
        ],
        "release_channel": [
          [
            0.5,
            0.5
          ],
          [
            0.5,
            0.5
          ],
          [
            0.5,
            0.5
          ],
          [
            0.5,
            0.5
          ]
        ],
        "released_token_count": 2,
        "solved_decoder_assignments": 4,
        "solver_dual_bound": 0.5,
        "solver_mip_gap": 0.0,
        "solver_objective": 0.5,
        "solver_status": "Optimization terminated successfully. (HiGHS Status 7: Optimal)",
        "threshold_decisions": {
          "0.30": {
            "deployed": false,
            "diagnostic_safe": false,
            "false_acceptance": false
          },
          "0.35": {
            "deployed": false,
            "diagnostic_safe": false,
            "false_acceptance": false
          },
          "0.40": {
            "deployed": false,
            "diagnostic_safe": false,
            "false_acceptance": false
          },
          "0.45": {
            "deployed": false,
            "diagnostic_safe": false,
            "false_acceptance": false
          },
          "0.49": {
            "deployed": false,
            "diagnostic_safe": false,
            "false_acceptance": false
          }
        },
        "unguarded_source_advantages": [
          0.0,
          0.0
        ],
        "unguarded_worst_conditional_error": 0.5,
        "value_guard": 1e-09
      },
      "strength": "rank=1"
    },
    {
      "bridge_membership": {
        "contaminations": [
          1.0,
          1.0
        ],
        "labels": [
          {
            "contamination": 1.0,
            "method": "strict_outward_repaired_l1_bridge",
            "minimum_membership_slack": -0.0,
            "optimal_retained_mass_upper": 0.6702466698543785,
            "retained_mass": 0.0,
            "transform": [
              [
                0.49385586436988943,
                0.5061441356301106,
                0.0,
                0.0
              ],
              [
                0.38719144326664173,
                0.5061471230571151,
                0.10666143367624327,
                0.0
              ],
              [
                0.0,
                0.21584757851015923,
                0.7841524214898409,
                0.0
              ],
              [
                -0.0,
                0.21584757851015923,
                0.7841524214898409,
                -0.0
              ]
            ],
            "transform_trace": 1.7841554089168454
          },
          {
            "contamination": 1.0,
            "method": "strict_outward_repaired_l1_bridge",
            "minimum_membership_slack": -0.0,
            "optimal_retained_mass_upper": 0.7336137065362847,
            "retained_mass": 0.0,
            "transform": [
              [
                -0.0,
                -0.0,
                0.09651752781932209,
                0.9034824721806779
              ],
              [
                0.0,
                -0.0,
                0.09651872472840585,
                0.9034812752715942
              ],
              [
                0.0,
                0.0,
                0.096518724728406,
                0.9034812752715939
              ],
              [
                0.0,
                0.0,
                0.09651752781932207,
                0.9034824721806779
              ]
            ],
            "transform_trace": 1.0000011969090838
          }
        ],
        "method": "strict_simultaneous_l1_bridge_membership",
        "retained_masses": [
          0.0,
          0.0
        ]
      },
      "candidate": "R-LACE::rank=4",
      "method": "R-LACE",
      "provenance": {
