{
  "dataset": "BiasBios-Clinical",
  "l4_candidate": "INLP::rank=1",
  "minimum_membership_slack": -0.0,
  "numerical_policy": {
    "bridge_feasibility_guard": 1e-09,
    "decision_tolerance": 0.0,
    "release_optimization_guard": 1e-06,
    "reported_value_guard": 1e-09
  },
  "original_receipt": "research/artifacts/mosaic_bridge_confirmation_receipts_v1/BiasBios-Clinical__seed1202.json",
  "original_receipt_sha256": "d3f0456502bb7e7cc804d581c6bd4b0f016d6f53c8d5ca7c7a48598b0da47a4d",
  "preregistration_sha256": "d1fd9c04bd5b6dd76f35b6bc2e1bf8badb23dceeb32a19edf36fcfd611b8bf02",
  "primary_selection": {
    "candidate": null,
    "decision": "abstain",
    "reason": "no candidate satisfied the strictly replayed contract",
    "utility_threshold": 0.4
  },
  "project": "MOSAIC strict numerical bridge replay",
  "protocol": {
    "bridge_fraction": 0.6666666666666666,
    "familywise_delta": 0.05,
    "fine_token_count": 4,
    "frontier_candidate_count": 13,
    "l4_policy": "reoptimize the minimum-error L2 candidate on the same covered table",
    "per_candidate_table_delta": 0.0019230769230769232,
    "primary_released_token_count": 2,
    "primary_utility_threshold": 0.4,
    "privacy_advantage_threshold": 0.35,
    "secondary_released_token_count": 4,
    "utility_thresholds": [
      0.3,
      0.35,
      0.4,
      0.45,
      0.49
    ]
  },
  "results": [
    {
      "bridge_membership": {
        "contaminations": [
          1.0,
          1.0
        ],
        "labels": [
          {
            "contamination": 1.0,
            "method": "strict_outward_repaired_l1_bridge",
            "minimum_membership_slack": -0.0,
            "optimal_retained_mass_upper": 0.7084205598044269,
            "retained_mass": 0.0,
            "transform": [
              [
                0.4027376994607381,
                0.32157012140930086,
                0.275692179129961,
                0.0
              ],
              [
                0.4027376994607381,
                0.32157012140930086,
                0.275692179129961,
                0.0
              ],
              [
                0.402734160422751,
                0.32157012140930086,
                0.2756957181679481,
                0.0
              ],
              [
                0.402734160422751,
                0.32157012140930086,
                0.2756957181679481,
                -0.0
              ]
            ],
            "transform_trace": 1.000003539037987
          },
          {
            "contamination": 1.0,
            "method": "strict_outward_repaired_l1_bridge",
            "minimum_membership_slack": -0.0,
            "optimal_retained_mass_upper": 0.7822818450213946,
            "retained_mass": 0.0,
            "transform": [
              [
                -0.0,
                0.0,
                5.234424966092348e-06,
                0.9999947655750339
              ],
              [
                0.0,
                -0.0,
                0.11455916837410947,
                0.8854408316258905
              ],
              [
                -0.0,
                -0.0,
                5.234424966092347e-06,
                0.9999947655750339
              ],
              [
                0.0,
                -0.0,
                0.11455916837411015,
                0.8854408316258899
              ]
            ],
            "transform_trace": 0.8854460660508561
          }
        ],
        "method": "strict_simultaneous_l1_bridge_membership",
        "retained_masses": [
          0.0,
          0.0
        ]
      },
      "candidate": "Identity::unedited",
      "method": "Identity",
      "provenance": {
        "official_entrypoint": "none (unedited control)",
        "transformation": "identity"
      },
      "release_l2": {
        "certified_source_advantage_upper": [
          1.0000000000000003e-09,
          1.0000000000000003e-09
        ],
        "certified_worst_conditional_error_upper": 0.5000000010000001,
        "decoder": [
          0,
          1
        ],
        "diagnostic": {
          "estimable": true,
          "missing_strata": [],
          "worst_conditional_error": 0.5,
          "worst_privacy_advantage": 0.0
        },
        "feasibility_guard": 1e-06,
        "max_constraint_violation": 1.3322676295501878e-15,
        "method": "strict_outward_transform_exact_lp",
        "optimization_source_thresholds": [
          0.349999,
          0.349999
        ],
        "release_channel": [
          [
            0.5,
            0.5
          ],
          [
            0.5,
            0.5
          ],
          [
            0.5,
            0.5
          ],
          [
            0.5,
            0.5
          ]
        ],
        "released_token_count": 2,
        "solved_decoder_assignments": 4,
        "solver_dual_bound": 0.5,
        "solver_mip_gap": 0.0,
        "solver_objective": 0.5,
        "solver_status": "Optimization terminated successfully. (HiGHS Status 7: Optimal)",
        "threshold_decisions": {
          "0.30": {
            "deployed": false,
            "diagnostic_safe": false,
            "false_acceptance": false
          },
          "0.35": {
            "deployed": false,
            "diagnostic_safe": false,
            "false_acceptance": false
          },
          "0.40": {
            "deployed": false,
            "diagnostic_safe": false,
            "false_acceptance": false
          },
          "0.45": {
            "deployed": false,
            "diagnostic_safe": false,
            "false_acceptance": false
          },
          "0.49": {
            "deployed": false,
            "diagnostic_safe": false,
            "false_acceptance": false
          }
        },
        "unguarded_source_advantages": [
          0.0,
          0.0
        ],
        "unguarded_worst_conditional_error": 0.5,
        "value_guard": 1e-09
      },
      "strength": "unedited"
    },
    {
      "bridge_membership": {
        "contaminations": [
          1.0,
          1.0
        ],
        "labels": [
          {
            "contamination": 1.0,
            "method": "strict_outward_repaired_l1_bridge",
            "minimum_membership_slack": -0.0,
            "optimal_retained_mass_upper": 0.7139205598044268,
            "retained_mass": 0.0,
            "transform": [
              [
                0.3975328755053316,
                0.3288989511778114,
                0.27356817331685696,
                0.0
              ],
              [
                0.3975328755053316,
                0.3288989511778114,
                0.27356817331685696,
                0.0
              ],
              [
                0.3975328755053316,
                0.3288951537882293,
                0.273571970706439,
                0.0
              ],
              [
                0.3975328755053316,
                0.3288951537882293,
                0.27357197070643907,
                -0.0
              ]
            ],
            "transform_trace": 1.0000037973895821
          },
          {
            "contamination": 1.0,
            "method": "strict_outward_repaired_l1_bridge",
            "minimum_membership_slack": -0.0,
            "optimal_retained_mass_upper": 0.7853110039846638,
            "retained_mass": 0.0,
            "transform": [
              [
                -0.0,
                -0.0,
                0.0013595377958538534,
                0.9986404622041462
              ],
              [
                0.0,
                -0.0,
                -0.0,
                1.0
              ],
              [
                0.0,
                -0.0,
                0.0,
                1.0
              ],
              [
                -0.0,
                0.0,
                0.12085967781756181,
                0.8791403221824382
              ]
            ],
            "transform_trace": 0.8791403221824382
          }
        ],
        "method": "strict_simultaneous_l1_bridge_membership",
        "retained_masses": [
          0.0,
          0.0
        ]
      },
      "candidate": "INLP::rank=1",
      "method": "INLP",
      "provenance": {
        "commit": "e1edcc19d808108ab71cbb3afb0389db0206a7eb",
        "compatibility_change": "SGDClassifier loss='log_loss' replaces removed alias loss='log'",
        "official_entrypoint": "src.debias.get_debiasing_projection",
        "rank": 1,
        "remote": "https://github.com/shauli-ravfogel/nullspace_projection.git",
        "repository": "/Volumes/Backups/FARO/external/nullspace_projection"
      },
      "release_l2": {
        "certified_source_advantage_upper": [
          1.0000000000000003e-09,
          1.0000000000000003e-09
        ],
        "certified_worst_conditional_error_upper": 0.5000000010000001,
        "decoder": [
          0,
          1
        ],
        "diagnostic": {
          "estimable": true,
          "missing_strata": [],
          "worst_conditional_error": 0.5,
          "worst_privacy_advantage": 0.0
        },
        "feasibility_guard": 1e-06,
        "max_constraint_violation": 2.985725340022788e-16,
        "method": "strict_outward_transform_exact_lp",
        "optimization_source_thresholds": [
          0.349999,
          0.349999
        ],
        "release_channel": [
          [
            0.5,
            0.5
          ],
          [
            0.5,
            0.5
          ],
          [
            0.5,
            0.5
          ],
          [
            0.5,
            0.5
          ]
        ],
        "released_token_count": 2,
        "solved_decoder_assignments": 4,
        "solver_dual_bound": 0.5,
        "solver_mip_gap": 0.0,
        "solver_objective": 0.5,
        "solver_status": "Optimization terminated successfully. (HiGHS Status 7: Optimal)",
        "threshold_decisions": {
          "0.30": {
            "deployed": false,
            "diagnostic_safe": false,
            "false_acceptance": false
          },
          "0.35": {
            "deployed": false,
            "diagnostic_safe": false,
            "false_acceptance": false
          },
          "0.40": {
            "deployed": false,
            "diagnostic_safe": false,
            "false_acceptance": false
          },
          "0.45": {
            "deployed": false,
            "diagnostic_safe": false,
            "false_acceptance": false
          },
          "0.49": {
            "deployed": false,
            "diagnostic_safe": false,
            "false_acceptance": false
          }
        },
        "unguarded_source_advantages": [
          0.0,
          0.0
        ],
        "unguarded_worst_conditional_error": 0.5,
        "value_guard": 1e-09
      },
      "release_l4": {
        "certified_source_advantage_upper": [
          1.0000000000000003e-09,
          1.0000000000000003e-09
        ],
        "certified_worst_conditional_error_upper": 0.5000000010000002,
        "decoder": [
          0,
          0,
          0,
          1
        ],
        "diagnostic": {
          "estimable": true,
          "missing_strata": [],
          "worst_conditional_error": 0.5,
          "worst_privacy_advantage": 0.0
        },
        "feasibility_guard": 1e-06,
        "max_constraint_violation": 3.552713678800501e-15,
        "method": "strict_outward_transform_exact_lp",
        "optimization_source_thresholds": [
          0.349999,
          0.349999
        ],
        "release_channel": [
          [
            0.0,
            0.5,
            -0.0,
            0.5
          ],
          [
            0.0,
            0.5,
            -0.0,
            0.5
          ],
          [
            0.0,
            0.5000000000000001,
            0.0,
            0.5
          ],
          [
            -0.0,
            0.5,
            -0.0,
            0.5
          ]
        ],
        "released_token_count": 4,
        "solved_decoder_assignments": 16,
        "solver_dual_bound": 0.5,
        "solver_mip_gap": 0.0,
        "solver_objective": 0.5,
        "solver_status": "Optimization terminated successfully. (HiGHS Status 7: Optimal)",
        "threshold_decisions": {
          "0.30": {
            "deployed": false,
            "diagnostic_safe": false,
            "false_acceptance": false
          },
          "0.35": {
            "deployed": false,
            "diagnostic_safe": false,
            "false_acceptance": false
          },
          "0.40": {
            "deployed": false,
            "diagnostic_safe": false,
            "false_acceptance": false
          },
          "0.45": {
            "deployed": false,
            "diagnostic_safe": false,
            "false_acceptance": false
          },
          "0.49": {
            "deployed": false,
            "diagnostic_safe": false,
            "false_acceptance": false
          }
        },
        "unguarded_source_advantages": [
          0.0,
          0.0
        ],
        "unguarded_worst_conditional_error": 0.5000000000000001,
        "value_guard": 1e-09
      },
      "strength": "rank=1"
    },
    {
      "bridge_membership": {
        "contaminations": [
          1.0,
          1.0
        ],
        "labels": [
          {
            "contamination": 1.0,
            "method": "strict_outward_repaired_l1_bridge",
            "minimum_membership_slack": -0.0,
            "optimal_retained_mass_upper": 0.7294205598044269,
            "retained_mass": 0.0,
            "transform": [
              [
                0.38360364022173743,
                0.3363037737300572,
                0.28009258604820536,
                0.0
              ],
              [
                0.3836003276482162,
                0.3363037737300572,
                0.28009589862172657,
                0.0
              ],
              [
                0.3836003276482162,
                0.3363037737300572,
                0.28009589862172657,
                0.0
              ],
              [
                0.3836003276482162,
                0.3363037737300572,
                0.28009589862172657,
                -0.0
              ]
            ],
            "transform_trace": 1.0000033125735213
          },
          {
            "contamination": 1.0,
            "method": "strict_outward_repaired_l1_bridge",
            "minimum_membership_slack": -0.0,
            "optimal_retained_mass_upper": 0.7986129186130492,
            "retained_mass": 0.0,
            "transform": [
              [
                -0.0,
                0.0,
                -0.0,
                1.0
              ],
              [
                0.0,
                -0.0,
                0.0002561296406925896,
                0.9997438703593075
              ],
              [
                -0.0,
                -0.0,
                0.0,
                1.0
              ],
              [
                0.0,
                0.0,
                0.12680863862859695,
                0.8731913613714031
              ]
            ],
            "transform_trace": 0.8731913613714031
          }
        ],
        "method": "strict_simultaneous_l1_bridge_membership",
        "retained_masses": [
          0.0,
          0.0
        ]
      },
      "candidate": "INLP::rank=2",
      "method": "INLP",
      "provenance": {
        "commit": "e1edcc19d808108ab71cbb3afb0389db0206a7eb",
        "compatibility_change": "SGDClassifier loss='log_loss' replaces removed alias loss='log'",
        "official_entrypoint": "src.debias.get_debiasing_projection",
        "rank": 2,
        "remote": "https://github.com/shauli-ravfogel/nullspace_projection.git",
        "repository": "/Volumes/Backups/FARO/external/nullspace_projection"
      },
      "release_l2": {
        "certified_source_advantage_upper": [
          1.0000000000000003e-09,
          1.0000000000000003e-09
        ],
        "certified_worst_conditional_error_upper": 0.5000000010000001,
        "decoder": [
          0,
          1
        ],
        "diagnostic": {
          "estimable": true,
          "missing_strata": [],
          "worst_conditional_error": 0.5,
          "worst_privacy_advantage": 0.0
        },
        "feasibility_guard": 1e-06,
        "max_constraint_violation": 3.883120240593207e-16,
        "method": "strict_outward_transform_exact_lp",
        "optimization_source_thresholds": [
          0.349999,
          0.349999
        ],
        "release_channel": [
          [
            0.5,
            0.5
          ],
          [
            0.5,
            0.5
          ],
          [
            0.5,
            0.5
          ],
          [
            0.5,
            0.5
          ]
        ],
        "released_token_count": 2,
        "solved_decoder_assignments": 4,
        "solver_dual_bound": 0.5,
        "solver_mip_gap": 0.0,
        "solver_objective": 0.5,
        "solver_status": "Optimization terminated successfully. (HiGHS Status 7: Optimal)",
        "threshold_decisions": {
          "0.30": {
            "deployed": false,
            "diagnostic_safe": false,
            "false_acceptance": false
          },
          "0.35": {
            "deployed": false,
            "diagnostic_safe": false,
            "false_acceptance": false
          },
          "0.40": {
            "deployed": false,
            "diagnostic_safe": false,
            "false_acceptance": false
          },
          "0.45": {
            "deployed": false,
            "diagnostic_safe": false,
            "false_acceptance": false
          },
          "0.49": {
            "deployed": false,
            "diagnostic_safe": false,
            "false_acceptance": false
          }
        },
        "unguarded_source_advantages": [
          0.0,
          0.0
        ],
        "unguarded_worst_conditional_error": 0.5,
        "value_guard": 1e-09
      },
      "strength": "rank=2"
    },
    {
      "bridge_membership": {
        "contaminations": [
          1.0,
          1.0
        ],
        "labels": [
          {
            "contamination": 1.0,
            "method": "strict_outward_repaired_l1_bridge",
            "minimum_membership_slack": -0.0,
            "optimal_retained_mass_upper": 0.7454205598044269,
            "retained_mass": 0.0,
            "transform": [
              [
                0.4015281824496778,
                0.3183526428984034,
                0.2801191746519188,
                0.0
              ],
              [
                0.40152712262135815,
                0.31835370272672303,
                0.2801191746519188,
                0.0
              ],
              [
                0.40152712262135815,
                0.3183526428984034,
                0.28012023448023843,
                0.0
              ],
              [
                0.40152712262135815,
                0.3183526428984034,
                0.28012023448023843,
                -0.0
              ]
            ],
            "transform_trace": 1.0000021196566393
          },
          {
            "contamination": 1.0,
            "method": "strict_outward_repaired_l1_bridge",
            "minimum_membership_slack": -0.0,
            "optimal_retained_mass_upper": 0.8103455562523598,
            "retained_mass": 0.0,
            "transform": [
              [
                -0.0,
                0.0,
                2.1668479323239956e-06,
                0.9999978331520677
              ],
              [
                0.0,
                -0.0,
                2.166847932324e-06,
                0.9999978331520677
              ],
              [
                -0.0,
                -0.0,
                2.1668479323239994e-06,
                0.9999978331520677
              ],
              [
                0.0,
                0.0,
                0.12549339575797464,
                0.8745066042420254
              ]
            ],
            "transform_trace": 0.8745087710899577
          }
        ],
        "method": "strict_simultaneous_l1_bridge_membership",
        "retained_masses": [
          0.0,
          0.0
        ]
      },
      "candidate": "INLP::rank=4",
      "method": "INLP",
      "provenance": {
        "commit": "e1edcc19d808108ab71cbb3afb0389db0206a7eb",
        "compatibility_change": "SGDClassifier loss='log_loss' replaces removed alias loss='log'",
        "official_entrypoint": "src.debias.get_debiasing_projection",
        "rank": 4,
        "remote": "https://github.com/shauli-ravfogel/nullspace_projection.git",
        "repository": "/Volumes/Backups/FARO/external/nullspace_projection"
      },
      "release_l2": {
        "certified_source_advantage_upper": [
          1.0000000000000003e-09,
          1.0000000000000003e-09
        ],
        "certified_worst_conditional_error_upper": 0.5000000010000001,
        "decoder": [
          0,
          1
        ],
        "diagnostic": {
          "estimable": true,
          "missing_strata": [],
          "worst_conditional_error": 0.5,
          "worst_privacy_advantage": 0.0
        },
        "feasibility_guard": 1e-06,
        "max_constraint_violation": 1.7763568394002505e-15,
        "method": "strict_outward_transform_exact_lp",
        "optimization_source_thresholds": [
          0.349999,
          0.349999
        ],
        "release_channel": [
          [
            0.5,
            0.5
          ],
          [
            0.5,
            0.5
          ],
          [
            0.5,
            0.5
          ],
          [
            0.5,
            0.5
          ]
        ],
        "released_token_count": 2,
        "solved_decoder_assignments": 4,
        "solver_dual_bound": 0.5,
        "solver_mip_gap": 0.0,
        "solver_objective": 0.5,
        "solver_status": "Optimization terminated successfully. (HiGHS Status 7: Optimal)",
        "threshold_decisions": {
          "0.30": {
            "deployed": false,
            "diagnostic_safe": false,
            "false_acceptance": false
          },
          "0.35": {
            "deployed": false,
            "diagnostic_safe": false,
            "false_acceptance": false
          },
          "0.40": {
            "deployed": false,
            "diagnostic_safe": false,
            "false_acceptance": false
          },
          "0.45": {
            "deployed": false,
            "diagnostic_safe": false,
            "false_acceptance": false
          },
          "0.49": {
            "deployed": false,
            "diagnostic_safe": false,
            "false_acceptance": false
          }
        },
        "unguarded_source_advantages": [
          0.0,
          0.0
        ],
        "unguarded_worst_conditional_error": 0.5,
        "value_guard": 1e-09
      },
      "strength": "rank=4"
    },
    {
      "bridge_membership": {
        "contaminations": [
          1.0,
          1.0
        ],
        "labels": [
          {
            "contamination": 1.0,
            "method": "strict_outward_repaired_l1_bridge",
            "minimum_membership_slack": -0.0,
            "optimal_retained_mass_upper": 0.765420559804427,
            "retained_mass": 0.0,
            "transform": [
              [
                0.39430265823322563,
                0.32636512434965925,
                0.27933221741711517,
                0.0
              ],
              [
                0.3943016381854538,
                0.3263661443974311,
                0.2793322174171151,
                0.0
              ],
              [
                0.3943016381854538,
                0.3263651243496592,
                0.279333237464887,
                0.0
              ],
              [
                0.39430163818545366,
                0.32636614439743133,
                0.27933221741711506,
                -0.0
              ]
            ],
            "transform_trace": 1.0000020400955436
          },
          {
            "contamination": 1.0,
            "method": "strict_outward_repaired_l1_bridge",
            "minimum_membership_slack": -0.0,
            "optimal_retained_mass_upper": 0.8306688320437323,
            "retained_mass": 0.0,
            "transform": [
              [
                -0.0,
                0.0,
                1.4656535144266439e-06,
                0.9999985343464856
              ],
              [
                0.0,
                -0.0,
                1.4656535144266407e-06,
                0.9999985343464857
              ],
              [
                0.0,
                -0.0,
                1.4656535144266485e-06,
                0.9999985343464856
              ],
              [
                -0.0,
                0.0,
                0.13349441602145212,
                0.8665055839785479
              ]
            ],
            "transform_trace": 0.8665070496320624
          }
        ],
        "method": "strict_simultaneous_l1_bridge_membership",
        "retained_masses": [
          0.0,
          0.0
        ]
      },
      "candidate": "INLP::rank=8",
      "method": "INLP",
      "provenance": {
        "commit": "e1edcc19d808108ab71cbb3afb0389db0206a7eb",
        "compatibility_change": "SGDClassifier loss='log_loss' replaces removed alias loss='log'",
        "official_entrypoint": "src.debias.get_debiasing_projection",
        "rank": 8,
        "remote": "https://github.com/shauli-ravfogel/nullspace_projection.git",
        "repository": "/Volumes/Backups/FARO/external/nullspace_projection"
      },
      "release_l2": {
        "certified_source_advantage_upper": [
          1.0000000000000003e-09,
          1.0000000000000003e-09
        ],
        "certified_worst_conditional_error_upper": 0.5000000010000001,
        "decoder": [
          0,
          1
        ],
        "diagnostic": {
          "estimable": true,
          "missing_strata": [],
          "worst_conditional_error": 0.5,
          "worst_privacy_advantage": 0.0
        },
        "feasibility_guard": 1e-06,
        "max_constraint_violation": 4.440892098500626e-16,
        "method": "strict_outward_transform_exact_lp",
        "optimization_source_thresholds": [
          0.349999,
          0.349999
        ],
        "release_channel": [
          [
            0.5,
            0.5
          ],
          [
            0.5,
            0.5
          ],
          [
            0.5,
            0.5
          ],
          [
            0.5,
            0.5
          ]
        ],
        "released_token_count": 2,
        "solved_decoder_assignments": 4,
        "solver_dual_bound": 0.5,
        "solver_mip_gap": 0.0,
        "solver_objective": 0.5,
        "solver_status": "Optimization terminated successfully. (HiGHS Status 7: Optimal)",
        "threshold_decisions": {
          "0.30": {
            "deployed": false,
            "diagnostic_safe": false,
            "false_acceptance": false
          },
          "0.35": {
            "deployed": false,
            "diagnostic_safe": false,
            "false_acceptance": false
          },
          "0.40": {
            "deployed": false,
            "diagnostic_safe": false,
            "false_acceptance": false
          },
          "0.45": {
            "deployed": false,
            "diagnostic_safe": false,
            "false_acceptance": false
          },
          "0.49": {
            "deployed": false,
            "diagnostic_safe": false,
            "false_acceptance": false
          }
        },
        "unguarded_source_advantages": [
          0.0,
          0.0
        ],
        "unguarded_worst_conditional_error": 0.5,
        "value_guard": 1e-09
      },
      "strength": "rank=8"
    },
    {
      "bridge_membership": {
        "contaminations": [
          1.0,
          1.0
        ],
        "labels": [
          {
            "contamination": 1.0,
            "method": "strict_outward_repaired_l1_bridge",
            "minimum_membership_slack": -0.0,
            "optimal_retained_mass_upper": 0.7709205598044269,
            "retained_mass": 0.0,
            "transform": [
              [
                0.39732802117150434,
                0.3032807117622468,
                0.29939126706624886,
                0.0
              ],
              [
                0.397324924333438,
                0.3032838086003137,
                0.2993912670662483,
                0.0
              ],
              [
                0.397324924333438,
                0.3032838086003138,
                0.2993912670662483,
                0.0
              ],
              [
                0.397324924333438,
                0.3032838086003137,
                0.2993912670662483,
                -0.0
              ]
            ],
            "transform_trace": 1.0000030968380664
          },
          {
            "contamination": 1.0,
            "method": "strict_outward_repaired_l1_bridge",
            "minimum_membership_slack": -0.0,
            "optimal_retained_mass_upper": 0.8336020128066683,
            "retained_mass": 0.0,
            "transform": [
              [
                -0.0,
                0.0,
                1.0117469430584147e-06,
                0.9999989882530569
              ],
              [
                0.0,
                -0.0,
                1.0117469430584158e-06,
                0.9999989882530569
              ],
              [
                0.0,
                0.0,
                1.0117469404363577e-06,
                0.9999989882530596
              ],
              [
                0.0,
                0.0,
                0.1289556157519321,
                0.871044384248068
              ]
            ],
            "transform_trace": 0.8710453959950084
          }
        ],
        "method": "strict_simultaneous_l1_bridge_membership",
        "retained_masses": [
          0.0,
          0.0
        ]
      },
      "candidate": "LEACE::closed_form",
      "method": "LEACE",
      "provenance": {
        "commit": "9f51753821316a1edacf78b52b464ab26d40e60a",
        "official_entrypoint": "concept_erasure.LeaceFitter.fit(method='leace')",
        "remote": "https://github.com/EleutherAI/concept-erasure",
        "repository": "/Volumes/Backups/FARO/external/concept-erasure"
      },
      "release_l2": {
        "certified_source_advantage_upper": [
          1.0000000000000003e-09,
          1.0000000000000003e-09
        ],
        "certified_worst_conditional_error_upper": 0.5000000010000001,
        "decoder": [
          0,
          1
        ],
        "diagnostic": {
          "estimable": true,
          "missing_strata": [],
          "worst_conditional_error": 0.5,
          "worst_privacy_advantage": 0.0
        },
        "feasibility_guard": 1e-06,
        "max_constraint_violation": 2.220446049250313e-15,
        "method": "strict_outward_transform_exact_lp",
        "optimization_source_thresholds": [
          0.349999,
          0.349999
        ],
        "release_channel": [
          [
            0.5,
            0.5
          ],
          [
            0.5,
            0.5
          ],
          [
            0.5,
            0.5
          ],
          [
            0.5,
            0.5
          ]
        ],
        "released_token_count": 2,
        "solved_decoder_assignments": 4,
        "solver_dual_bound": 0.5,
        "solver_mip_gap": 0.0,
        "solver_objective": 0.5,
        "solver_status": "Optimization terminated successfully. (HiGHS Status 7: Optimal)",
        "threshold_decisions": {
          "0.30": {
            "deployed": false,
            "diagnostic_safe": false,
            "false_acceptance": false
          },
          "0.35": {
            "deployed": false,
            "diagnostic_safe": false,
            "false_acceptance": false
          },
          "0.40": {
            "deployed": false,
            "diagnostic_safe": false,
            "false_acceptance": false
          },
          "0.45": {
            "deployed": false,
            "diagnostic_safe": false,
            "false_acceptance": false
          },
          "0.49": {
            "deployed": false,
            "diagnostic_safe": false,
            "false_acceptance": false
          }
        },
        "unguarded_source_advantages": [
          0.0,
          0.0
        ],
        "unguarded_worst_conditional_error": 0.5,
        "value_guard": 1e-09
      },
      "strength": "closed_form"
    },
    {
      "bridge_membership": {
        "contaminations": [
          1.0,
          1.0
        ],
        "labels": [
          {
            "contamination": 1.0,
            "method": "strict_outward_repaired_l1_bridge",
            "minimum_membership_slack": -0.0,
            "optimal_retained_mass_upper": 0.7314205598044269,
            "retained_mass": 0.0,
            "transform": [
              [
                0.4010106698007221,
                0.31966090977170203,
                0.27932842042757583,
                0.0
              ],
              [
                0.40100939892344384,
                0.3196621806489803,
                0.27932842042757583,
                0.0
              ],
              [
                0.4010093989234439,
                0.3196609097717021,
                0.27932969130485413,
                0.0
              ],
              [
                0.40100939892344384,
                0.31966090977170203,
                0.2793296913048542,
                -0.0
              ]
            ],
            "transform_trace": 1.0000025417545566
          },
          {
            "contamination": 1.0,
            "method": "strict_outward_repaired_l1_bridge",
            "minimum_membership_slack": -0.0,
            "optimal_retained_mass_upper": 0.796785318035075,
            "retained_mass": 0.0,
            "transform": [
              [
                -0.0,
                0.0,
                3.976566902060321e-06,
                0.999996023433098
              ],
              [
                0.0,
                -0.0,
                3.976566902060321e-06,
                0.999996023433098
              ],
              [
                -0.0,
                -0.0,
                3.9765669020603085e-06,
                0.999996023433098
              ],
              [
                0.0,
                0.0,
                0.11541750095590611,
                0.8845824990440939
              ]
            ],
            "transform_trace": 0.884586475610996
          }
        ],
        "method": "strict_simultaneous_l1_bridge_membership",
        "retained_masses": [
          0.0,
          0.0
        ]
      },
      "candidate": "R-LACE::rank=1",
      "method": "R-LACE",
      "provenance": {
        "commit": "2d9b6d03f65416172b4a2ca7f6da10e374002e5f",
        "compatibility_change": "SGDClassifier loss='log_loss' replaces removed alias loss='log'",
        "iterations": 10000,
        "official_entrypoint": "rlace.solve_adv_game",
        "rank": 1,
        "remote": "https://github.com/shauli-ravfogel/rlace-icml",
        "reported_upstream_score": 0.990875,
        "repository": "/Volumes/Backups/FARO/external/rlace-icml"
      },
      "release_l2": {
        "certified_source_advantage_upper": [
          1.0000000000000003e-09,
          1.0000000000000003e-09
        ],
        "certified_worst_conditional_error_upper": 0.5000000010000001,
        "decoder": [
          0,
          1
        ],
        "diagnostic": {
          "estimable": true,
          "missing_strata": [],
          "worst_conditional_error": 0.5,
          "worst_privacy_advantage": 0.0
        },
        "feasibility_guard": 1e-06,
        "max_constraint_violation": 4.440892098500626e-16,
        "method": "strict_outward_transform_exact_lp",
        "optimization_source_thresholds": [
          0.349999,
          0.349999
        ],
        "release_channel": [
          [
            0.5,
            0.5
          ],
          [
            0.5,
            0.5
          ],
          [
            0.5,
            0.5
          ],
          [
            0.5,
            0.5
          ]
        ],
        "released_token_count": 2,
        "solved_decoder_assignments": 4,
        "solver_dual_bound": 0.5,
        "solver_mip_gap": 0.0,
        "solver_objective": 0.5,
        "solver_status": "Optimization terminated successfully. (HiGHS Status 7: Optimal)",
        "threshold_decisions": {
          "0.30": {
            "deployed": false,
            "diagnostic_safe": false,
            "false_acceptance": false
          },
          "0.35": {
            "deployed": false,
            "diagnostic_safe": false,
            "false_acceptance": false
          },
          "0.40": {
            "deployed": false,
            "diagnostic_safe": false,
            "false_acceptance": false
          },
          "0.45": {
            "deployed": false,
            "diagnostic_safe": false,
            "false_acceptance": false
          },
          "0.49": {
            "deployed": false,
            "diagnostic_safe": false,
            "false_acceptance": false
          }
        },
        "unguarded_source_advantages": [
          0.0,
          0.0
        ],
        "unguarded_worst_conditional_error": 0.5,
        "value_guard": 1e-09
      },
      "strength": "rank=1"
    },
    {
      "bridge_membership": {
        "contaminations": [
          1.0,
          1.0
        ],
        "labels": [
          {
            "contamination": 1.0,
            "method": "strict_outward_repaired_l1_bridge",
            "minimum_membership_slack": -0.0,
            "optimal_retained_mass_upper": 0.744920559804427,
            "retained_mass": 0.0,
            "transform": [
              [
                0.38971851152639286,
                0.30916631528178434,
                0.3011151731918228,
                0.0
              ],
              [
                0.38971322353425264,
                0.3091716032739246,
                0.30111517319182285,
                0.0
              ],
              [
                0.38971322353425264,
                0.3091716032739246,
                0.30111517319182285,
                0.0
              ],
              [
                0.3897132235342526,
                0.30917160327392457,
                0.30111517319182285,
                -0.0
              ]
            ],
            "transform_trace": 1.0000052879921404
          },
          {
            "contamination": 1.0,
            "method": "strict_outward_repaired_l1_bridge",
            "minimum_membership_slack": -0.0,
            "optimal_retained_mass_upper": 0.8474919550038942,
            "retained_mass": 0.0,
            "transform": [
              [
                -0.0,
                0.0,
                8.819270176614861e-07,
                0.9999991180729824
              ],
              [
                0.0,
                -0.0,
                8.819270176614897e-07,
                0.9999991180729824
              ],
              [
                0.0,
                0.0,
                8.819270172029825e-07,
                0.9999991180729828
              ],
              [
                0.0,
                0.0,
                0.13711431592048284,
                0.8628856840795172
              ]
            ],
            "transform_trace": 0.8628865660065344
          }
        ],
        "method": "strict_simultaneous_l1_bridge_membership",
        "retained_masses": [
          0.0,
          0.0
        ]
      },
      "candidate": "R-LACE::rank=4",
      "method": "R-LACE",
      "provenance": {
        "commit": "2d9b6d03f65416172b4a2ca7f6da10e374002e5f",
        "compatibility_change": "SGDClassifier loss='log_loss' replaces removed alias loss='log'",
