{
  "dataset": "BiasBios-Clinical",
  "l4_candidate": "INLP::rank=4",
  "minimum_membership_slack": -0.0,
  "numerical_policy": {
    "bridge_feasibility_guard": 1e-09,
    "decision_tolerance": 0.0,
    "release_optimization_guard": 1e-06,
    "reported_value_guard": 1e-09,
    "structural_zero_output_rule": "skip guard-ratio contraction only when the complete transform output column is exactly zero; recheck every original inequality"
  },
  "original_receipt": "research/artifacts/mosaic_bridge_confirmation_receipts_v1/BiasBios-Clinical__seed1218.json",
  "original_receipt_sha256": "4d0f0a60d8d03b7af95fd84881f7a39c8702c34f0593ef450653a321c960a148",
  "preregistration_sha256": "d1fd9c04bd5b6dd76f35b6bc2e1bf8badb23dceeb32a19edf36fcfd611b8bf02",
  "primary_selection": {
    "bridge_contaminations": [
      0.21907954752275183,
      0.1878864113196903
    ],
    "candidate": "INLP::rank=4",
    "certified_source_advantage_upper": [
      0.219079567732336,
      0.1878864940483715
    ],
    "certified_worst_conditional_error_upper": 0.2592411557757133,
    "decision": "deploy",
    "diagnostic_estimable": true,
    "diagnostic_safe": true,
    "diagnostic_worst_conditional_error": 0.18701535219610926,
    "diagnostic_worst_source_advantage": 0.04850876043032515,
    "false_acceptance": false,
    "method": "INLP",
    "released_token_count": 2,
    "strength": "rank=4",
    "utility_threshold": 0.4
  },
  "project": "MOSAIC strict numerical bridge replay v2",
  "protocol": {
    "bridge_fraction": 0.6666666666666666,
    "familywise_delta": 0.05,
    "fine_token_count": 4,
    "frontier_candidate_count": 13,
    "l4_policy": "reoptimize the minimum-error L2 candidate on the same covered table",
    "per_candidate_table_delta": 0.0019230769230769232,
    "primary_released_token_count": 2,
    "primary_utility_threshold": 0.4,
    "privacy_advantage_threshold": 0.35,
    "secondary_released_token_count": 4,
    "utility_thresholds": [
      0.3,
      0.35,
      0.4,
      0.45,
      0.49
    ]
  },
  "results": [
    {
      "bridge_membership": {
        "contaminations": [
          0.30173883817917047,
          0.24238641064210042
        ],
        "labels": [
          {
            "contamination": 0.30173883817917047,
            "method": "strict_v2_structural_zero_outward_repaired_l1_bridge",
            "minimum_membership_slack": -0.0,
            "optimal_retained_mass_upper": 0.6982612693793743,
            "retained_mass": 0.6982611618208295,
            "transform": [
              [
                0.7258877250529668,
                0.27411227494703316,
                0.0,
                0.0
              ],
              [
                0.16281325815348613,
                0.4429183429376469,
                0.39426839890886684,
                0.0
              ],
              [
                0.16273240130494665,
                0.44291834293764704,
                0.39434925575740637,
                -0.0
              ],
              [
                0.16273240130494662,
                0.442918342937647,
                0.39434925575740626,
                0.0
              ]
            ],
            "transform_trace": 1.5631553237480202
          },
          {
            "contamination": 0.24238641064210042,
            "method": "strict_v2_structural_zero_outward_repaired_l1_bridge",
            "minimum_membership_slack": -0.0,
            "optimal_retained_mass_upper": 0.7576137065362848,
            "retained_mass": 0.7576135893578996,
            "transform": [
              [
                -0.0,
                -0.0,
                0.10864036757035297,
                0.891359632429647
              ],
              [
                -0.0,
                -0.0,
                0.10864036757035352,
                0.8913596324296466
              ],
              [
                0.0,
                0.0,
                0.10864036757035309,
                0.8913596324296469
              ],
              [
                0.0,
                0.0,
                0.1086393190574318,
                0.8913606809425683
              ]
            ],
            "transform_trace": 1.0000010485129214
          }
        ],
        "method": "strict_v2_simultaneous_l1_bridge_membership",
        "retained_masses": [
          0.6982611618208295,
          0.7576135893578996
        ]
      },
      "candidate": "Identity::unedited",
      "method": "Identity",
      "provenance": {
        "official_entrypoint": "none (unedited control)",
        "transformation": "identity"
      },
      "release_l2": {
        "certified_source_advantage_upper": [
          0.2949680182838714,
          0.23694751790533658
        ],
        "certified_worst_conditional_error_upper": 0.3174073599879671,
        "decoder": [
          0,
          1
        ],
        "diagnostic": {
          "estimable": true,
          "missing_strata": [],
          "worst_conditional_error": 0.2746945449811492,
          "worst_privacy_advantage": 0.13197068886994723
        },
        "feasibility_guard": 1e-06,
        "max_constraint_violation": 4.2354559038471204e-16,
        "method": "strict_outward_transform_exact_lp",
        "optimization_source_thresholds": [
          0.349999,
          0.349999
        ],
        "release_channel": [
          [
            0.9775606582959042,
            0.0224393417040958
          ],
          [
            0.9775606582959042,
            0.0224393417040958
          ],
          [
            0.9775606582959045,
            0.02243934170409543
          ],
          [
            0.0,
            1.0
          ]
        ],
        "released_token_count": 2,
        "solved_decoder_assignments": 4,
        "solver_dual_bound": 0.3174073589879669,
        "solver_mip_gap": 0.0,
        "solver_objective": 0.3174073589879669,
        "solver_status": "Optimization terminated successfully. (HiGHS Status 7: Optimal)",
        "threshold_decisions": {
          "0.30": {
            "deployed": false,
            "diagnostic_safe": true,
            "false_acceptance": false
          },
          "0.35": {
            "deployed": true,
            "diagnostic_safe": true,
            "false_acceptance": false
          },
          "0.40": {
            "deployed": true,
            "diagnostic_safe": true,
            "false_acceptance": false
          },
          "0.45": {
            "deployed": true,
            "diagnostic_safe": true,
            "false_acceptance": false
          },
          "0.49": {
            "deployed": true,
            "diagnostic_safe": true,
            "false_acceptance": false
          }
        },
        "unguarded_source_advantages": [
          0.29496801728387134,
          0.23694751690533655
        ],
        "unguarded_worst_conditional_error": 0.317407358987967,
        "value_guard": 1e-09
      },
      "strength": "unedited"
    },
    {
      "bridge_membership": {
        "contaminations": [
          0.29519726396268764,
          0.24088641002619093
        ],
        "labels": [
          {
            "contamination": 0.29519726396268764,
            "method": "strict_v2_structural_zero_outward_repaired_l1_bridge",
            "minimum_membership_slack": -0.0,
            "optimal_retained_mass_upper": 0.7048028435921664,
            "retained_mass": 0.7048027360373124,
            "transform": [
              [
                0.7864640514721669,
                0.2135359485278332,
                0.0,
                0.0
              ],
              [
                0.1626463782918909,
                0.4348744739781105,
                0.40247914772999865,
                0.0
              ],
              [
                0.16263629328734508,
                0.4348744739781105,
                0.4024892327345444,
                0.0
              ],
              [
                0.16263629328734505,
                0.4348744739781106,
                0.4024892327345443,
                -0.0
              ]
            ],
            "transform_trace": 1.6238277581848217
          },
          {
            "contamination": 0.24088641002619093,
            "method": "strict_v2_structural_zero_outward_repaired_l1_bridge",
            "minimum_membership_slack": -0.0,
            "optimal_retained_mass_upper": 0.7591137065362847,
            "retained_mass": 0.7591135899738091,
            "transform": [
              [
                -0.0,
                -0.0,
                0.11303634499792214,
                0.8869636550020779
              ],
              [
                -0.0,
                -0.0,
                0.11303634499792228,
                0.8869636550020776
              ],
              [
                0.0,
                0.0,
                0.11303634499792214,
                0.8869636550020779
              ],
              [
                0.0,
                0.0,
                0.11303526863075693,
                0.8869647313692431
              ]
            ],
            "transform_trace": 1.0000010763671652
          }
        ],
        "method": "strict_v2_simultaneous_l1_bridge_membership",
        "retained_masses": [
          0.7048027360373124,
          0.7591135899738091
        ]
      },
      "candidate": "INLP::rank=1",
      "method": "INLP",
      "provenance": {
        "commit": "e1edcc19d808108ab71cbb3afb0389db0206a7eb",
        "compatibility_change": "SGDClassifier loss='log_loss' replaces removed alias loss='log'",
        "official_entrypoint": "src.debias.get_debiasing_projection",
        "rank": 1,
        "remote": "https://github.com/shauli-ravfogel/nullspace_projection.git",
        "repository": "/Volumes/Backups/FARO/external/nullspace_projection"
      },
      "release_l2": {
        "certified_source_advantage_upper": [
          0.28618362622950966,
          0.2335312125795656
        ],
        "certified_worst_conditional_error_upper": 0.31671791578280784,
        "decoder": [
          0,
          1
        ],
        "diagnostic": {
          "estimable": true,
          "missing_strata": [],
          "worst_conditional_error": 0.28017559031909683,
          "worst_privacy_advantage": 0.13572519946253814
        },
        "feasibility_guard": 1e-06,
        "max_constraint_violation": 2.220446049250313e-16,
        "method": "strict_outward_transform_exact_lp",
        "optimization_source_thresholds": [
          0.349999,
          0.349999
        ],
        "release_channel": [
          [
            0.9694657104467018,
            0.03053428955329815
          ],
          [
            0.9694657104467018,
            0.03053428955329815
          ],
          [
            0.9694657104467018,
            0.030534289553298226
          ],
          [
            0.0,
            1.0
          ]
        ],
        "released_token_count": 2,
        "solved_decoder_assignments": 4,
        "solver_dual_bound": 0.31671791478280775,
        "solver_mip_gap": 0.0,
        "solver_objective": 0.31671791478280775,
        "solver_status": "Optimization terminated successfully. (HiGHS Status 7: Optimal)",
        "threshold_decisions": {
          "0.30": {
            "deployed": false,
            "diagnostic_safe": true,
            "false_acceptance": false
          },
          "0.35": {
            "deployed": true,
            "diagnostic_safe": true,
            "false_acceptance": false
          },
          "0.40": {
            "deployed": true,
            "diagnostic_safe": true,
            "false_acceptance": false
          },
          "0.45": {
            "deployed": true,
            "diagnostic_safe": true,
            "false_acceptance": false
          },
          "0.49": {
            "deployed": true,
            "diagnostic_safe": true,
            "false_acceptance": false
          }
        },
        "unguarded_source_advantages": [
          0.2861836252295096,
          0.23353121157956558
        ],
        "unguarded_worst_conditional_error": 0.31671791478280775,
        "value_guard": 1e-09
      },
      "strength": "rank=1"
    },
    {
      "bridge_membership": {
        "contaminations": [
          0.2925795475929265,
          0.2283864103948573
        ],
        "labels": [
          {
            "contamination": 0.2925795475929265,
            "method": "strict_v2_structural_zero_outward_repaired_l1_bridge",
            "minimum_membership_slack": -0.0,
            "optimal_retained_mass_upper": 0.707420559804427,
            "retained_mass": 0.7074204524070735,
            "transform": [
              [
                0.37010550001313075,
                0.3630186966024971,
                0.2668758033843721,
                0.0
              ],
              [
                0.370076570385971,
                0.3630186966024971,
                0.2669047330115319,
                0.0
              ],
              [
                0.370076570385971,
                0.3630186966024971,
                0.2669047330115319,
                -0.0
              ],
              [
                0.370076570385971,
                0.3630186966024971,
                0.2669047330115319,
                0.0
              ]
            ],
            "transform_trace": 1.0000289296271598
          },
          {
            "contamination": 0.2283864103948573,
            "method": "strict_v2_structural_zero_outward_repaired_l1_bridge",
            "minimum_membership_slack": -0.0,
            "optimal_retained_mass_upper": 0.7716137065362846,
            "retained_mass": 0.7716135896051427,
            "transform": [
              [
                -0.0,
                -0.0,
                0.11120506582156152,
                0.8887949341784385
              ],
              [
                -0.0,
                -0.0,
                0.11120506582156169,
                0.8887949341784382
              ],
              [
                0.0,
                0.0,
                0.11120506582156142,
                0.8887949341784386
              ],
              [
                0.0,
                0.0,
                0.11120415242435547,
                0.8887958475756446
              ]
            ],
            "transform_trace": 1.0000009133972059
          }
        ],
        "method": "strict_v2_simultaneous_l1_bridge_membership",
        "retained_masses": [
          0.7074204524070735,
          0.7716135896051427
        ]
      },
      "candidate": "INLP::rank=2",
      "method": "INLP",
      "provenance": {
        "commit": "e1edcc19d808108ab71cbb3afb0389db0206a7eb",
        "compatibility_change": "SGDClassifier loss='log_loss' replaces removed alias loss='log'",
        "official_entrypoint": "src.debias.get_debiasing_projection",
        "rank": 2,
        "remote": "https://github.com/shauli-ravfogel/nullspace_projection.git",
        "repository": "/Volumes/Backups/FARO/external/nullspace_projection"
      },
      "release_l2": {
        "certified_source_advantage_upper": [
          0.2925798673356208,
          0.2283865035243235
        ],
        "certified_worst_conditional_error_upper": 0.30743980726949005,
        "decoder": [
          0,
          1
        ],
        "diagnostic": {
          "estimable": true,
          "missing_strata": [],
          "worst_conditional_error": 0.26058295562663975,
          "worst_privacy_advantage": 0.12389335226300813
        },
        "feasibility_guard": 1e-06,
        "max_constraint_violation": 3.3306690738754696e-16,
        "method": "strict_outward_transform_exact_lp",
        "optimization_source_thresholds": [
          0.349999,
          0.349999
        ],
        "release_channel": [
          [
            1.0,
            -0.0
          ],
          [
            1.0,
            -0.0
          ],
          [
            0.9212946821651271,
            0.07870531783487292
          ],
          [
            0.0,
            1.0
          ]
        ],
        "released_token_count": 2,
        "solved_decoder_assignments": 4,
        "solver_dual_bound": 0.3074398062694899,
        "solver_mip_gap": 0.0,
        "solver_objective": 0.3074398062694899,
        "solver_status": "Optimization terminated successfully. (HiGHS Status 7: Optimal)",
        "threshold_decisions": {
          "0.30": {
            "deployed": false,
            "diagnostic_safe": true,
            "false_acceptance": false
          },
          "0.35": {
            "deployed": true,
            "diagnostic_safe": true,
            "false_acceptance": false
          },
          "0.40": {
            "deployed": true,
            "diagnostic_safe": true,
            "false_acceptance": false
          },
          "0.45": {
            "deployed": true,
            "diagnostic_safe": true,
            "false_acceptance": false
          },
          "0.49": {
            "deployed": true,
            "diagnostic_safe": true,
            "false_acceptance": false
          }
        },
        "unguarded_source_advantages": [
          0.2925798663356207,
          0.22838650252432346
        ],
        "unguarded_worst_conditional_error": 0.30743980626948997,
        "value_guard": 1e-09
      },
      "strength": "rank=2"
    },
    {
      "bridge_membership": {
        "contaminations": [
          0.21907954752275183,
          0.1878864113196903
        ],
        "labels": [
          {
            "contamination": 0.21907954752275183,
            "method": "strict_v2_structural_zero_outward_repaired_l1_bridge",
            "minimum_membership_slack": -0.0,
            "optimal_retained_mass_upper": 0.7809205598044269,
            "retained_mass": 0.7809204524772482,
            "transform": [
              [
                0.399281898844783,
                0.3192469647975495,
                0.2814711363576675,
                0.0
              ],
              [
                0.3992807664195221,
                0.3192480972228104,
                0.2814711363576675,
                0.0
              ],
              [
                0.3992807664195221,
                0.3192469647975495,
                0.2814722687829284,
                0.0
              ],
              [
                0.3992807664195219,
                0.3192480972228108,
                0.2814711363576674,
                -0.0
              ]
            ],
            "transform_trace": 1.0000022648505218
          },
          {
            "contamination": 0.1878864113196903,
            "method": "strict_v2_structural_zero_outward_repaired_l1_bridge",
            "minimum_membership_slack": -0.0,
            "optimal_retained_mass_upper": 0.8121137065362845,
            "retained_mass": 0.8121135886803097,
            "transform": [
              [
                -0.0,
                -0.0,
                0.10750552592339896,
                0.892494474076601
              ],
              [
                -0.0,
                -0.0,
                0.10750552592339929,
                0.8924944740766008
              ],
              [
                0.0,
                0.0,
                0.10750615938102467,
                0.8924938406189754
              ],
              [
                0.0,
                0.0,
                0.10750552592339896,
                0.892494474076601
              ]
            ],
            "transform_trace": 1.0000006334576257
          }
        ],
        "method": "strict_v2_simultaneous_l1_bridge_membership",
        "retained_masses": [
          0.7809204524772482,
          0.8121135886803097
        ]
      },
      "candidate": "INLP::rank=4",
      "method": "INLP",
      "provenance": {
        "commit": "e1edcc19d808108ab71cbb3afb0389db0206a7eb",
        "compatibility_change": "SGDClassifier loss='log_loss' replaces removed alias loss='log'",
        "official_entrypoint": "src.debias.get_debiasing_projection",
        "rank": 4,
        "remote": "https://github.com/shauli-ravfogel/nullspace_projection.git",
        "repository": "/Volumes/Backups/FARO/external/nullspace_projection"
      },
      "release_l2": {
        "certified_source_advantage_upper": [
          0.219079567732336,
          0.1878864940483715
        ],
        "certified_worst_conditional_error_upper": 0.2592411557757133,
        "decoder": [
          1,
          0
        ],
        "diagnostic": {
          "estimable": true,
          "missing_strata": [],
          "worst_conditional_error": 0.18701535219610926,
          "worst_privacy_advantage": 0.04850876043032515
        },
        "feasibility_guard": 1e-06,
        "max_constraint_violation": 2.8276407190053292e-09,
        "method": "strict_outward_transform_exact_lp",
        "optimization_source_thresholds": [
          0.349999,
          0.349999
        ],
        "release_channel": [
          [
            -0.0,
            1.0
          ],
          [
            -0.0,
            1.0
          ],
          [
            0.18271316023597173,
            0.8172868397640283
          ],
          [
            1.0,
            0.0
          ]
        ],
        "released_token_count": 2,
        "solved_decoder_assignments": 4,
        "solver_dual_bound": 0.25924115194807246,
        "solver_mip_gap": 0.0,
        "solver_objective": 0.25924115194807246,
        "solver_status": "Optimization terminated successfully. (HiGHS Status 7: Optimal)",
        "threshold_decisions": {
          "0.30": {
            "deployed": true,
            "diagnostic_safe": true,
            "false_acceptance": false
          },
          "0.35": {
            "deployed": true,
            "diagnostic_safe": true,
            "false_acceptance": false
          },
          "0.40": {
            "deployed": true,
            "diagnostic_safe": true,
            "false_acceptance": false
          },
          "0.45": {
            "deployed": true,
            "diagnostic_safe": true,
            "false_acceptance": false
          },
          "0.49": {
            "deployed": true,
            "diagnostic_safe": true,
            "false_acceptance": false
          }
        },
        "unguarded_source_advantages": [
          0.21907956673233597,
          0.18788649304837146
        ],
        "unguarded_worst_conditional_error": 0.2592411547757132,
        "value_guard": 1e-09
      },
      "release_l4": {
        "certified_source_advantage_upper": [
          0.2190795677323351,
          0.18788649404837215
        ],
        "certified_worst_conditional_error_upper": 0.2592411537519194,
        "decoder": [
          0,
          0,
          0,
          1
        ],
        "diagnostic": {
          "estimable": true,
          "missing_strata": [],
          "worst_conditional_error": 0.18701535390863833,
          "worst_privacy_advantage": 0.048508760807818074
        },
        "feasibility_guard": 1e-06,
        "max_constraint_violation": 2.7755575615628914e-16,
        "method": "strict_outward_transform_exact_lp",
        "optimization_source_thresholds": [
          0.349999,
          0.349999
        ],
        "release_channel": [
          [
            0.0,
            -0.0,
            1.0,
            0.0
          ],
          [
            -0.0,
            -0.0,
            1.0,
            -0.0
          ],
          [
            0.0,
            0.0,
            0.8172868489711739,
            0.18271315102882613
          ],
          [
            0.0,
            0.0,
            -0.0,
            1.0
          ]
        ],
        "released_token_count": 4,
        "solved_decoder_assignments": 16,
        "solver_dual_bound": 0.2592411527519194,
        "solver_mip_gap": 0.0,
        "solver_objective": 0.2592411527519194,
        "solver_status": "Optimization terminated successfully. (HiGHS Status 7: Optimal)",
        "threshold_decisions": {
          "0.30": {
            "deployed": true,
            "diagnostic_safe": true,
            "false_acceptance": false
          },
          "0.35": {
            "deployed": true,
            "diagnostic_safe": true,
            "false_acceptance": false
          },
          "0.40": {
            "deployed": true,
            "diagnostic_safe": true,
            "false_acceptance": false
          },
          "0.45": {
            "deployed": true,
            "diagnostic_safe": true,
            "false_acceptance": false
          },
          "0.49": {
            "deployed": true,
            "diagnostic_safe": true,
            "false_acceptance": false
          }
        },
        "unguarded_source_advantages": [
          0.21907956673233508,
          0.18788649304837213
        ],
        "unguarded_worst_conditional_error": 0.25924115275191933,
        "value_guard": 1e-09
      },
      "strength": "rank=4"
    },
    {
      "bridge_membership": {
        "contaminations": [
          0.2395795475008794,
          0.17758825241406795
        ],
        "labels": [
          {
            "contamination": 0.2395795475008794,
            "method": "strict_v2_structural_zero_outward_repaired_l1_bridge",
            "minimum_membership_slack": -0.0,
            "optimal_retained_mass_upper": 0.7604205598044268,
            "retained_mass": 0.7604204524991206,
            "transform": [
              [
                0.39755400279028186,
                0.32324933629564223,
                0.2791966609140759,
                0.0
              ],
              [
                0.39755119800057476,
                0.3232521410853493,
                0.27919666091407597,
                0.0
              ],
              [
                0.39755119800057476,
                0.3232521410853493,
                0.2791966609140759,
                0.0
              ],
              [
                0.39755119800057476,
                0.3232521410853493,
                0.2791966609140759,
                -0.0
              ]
            ],
            "transform_trace": 1.0000028047897072
          },
          {
            "contamination": 0.17758825241406795,
            "method": "strict_v2_structural_zero_outward_repaired_l1_bridge",
            "minimum_membership_slack": -0.0,
            "optimal_retained_mass_upper": 0.8224118643116936,
            "retained_mass": 0.822411747585932,
            "transform": [
              [
                -0.0,
                -0.0,
                5.042605298126634e-06,
                0.9999949573947019
              ],
              [
                -0.0,
                -0.0,
                5.042605298396699e-06,
                0.9999949573947016
              ],
              [
                -0.0,
                -0.0,
                5.042605298396625e-06,
                0.9999949573947017
              ],
              [
                -0.0,
                0.0,
                0.15426894077918968,
                0.8457310592208104
              ]
            ],
            "transform_trace": 0.8457361018261088
          }
        ],
        "method": "strict_v2_simultaneous_l1_bridge_membership",
        "retained_masses": [
          0.7604204524991206,
          0.822411747585932
        ]
      },
      "candidate": "INLP::rank=8",
      "method": "INLP",
      "provenance": {
        "commit": "e1edcc19d808108ab71cbb3afb0389db0206a7eb",
        "compatibility_change": "SGDClassifier loss='log_loss' replaces removed alias loss='log'",
        "official_entrypoint": "src.debias.get_debiasing_projection",
        "rank": 8,
        "remote": "https://github.com/shauli-ravfogel/nullspace_projection.git",
        "repository": "/Volumes/Backups/FARO/external/nullspace_projection"
      },
      "release_l2": {
        "certified_source_advantage_upper": [
          0.23957954850087954,
          0.20140300497381397
        ],
        "certified_worst_conditional_error_upper": 0.27146514866997606,
        "decoder": [
          0,
          1
        ],
        "diagnostic": {
          "estimable": true,
          "missing_strata": [],
          "worst_conditional_error": 0.19036570371062292,
          "worst_privacy_advantage": 0.039893662642180416
        },
        "feasibility_guard": 1e-06,
        "max_constraint_violation": 2.3592239273284576e-16,
        "method": "strict_outward_transform_exact_lp",
        "optimization_source_thresholds": [
          0.349999,
          0.349999
        ],
        "release_channel": [
          [
            1.0,
            0.0
          ],
          [
            1.0,
            -0.0
          ],
          [
            0.8498136071229506,
            0.15018639287704943
          ],
          [
            0.0,
            1.0
          ]
        ],
        "released_token_count": 2,
        "solved_decoder_assignments": 4,
        "solver_dual_bound": 0.2714651476699759,
        "solver_mip_gap": 0.0,
        "solver_objective": 0.2714651476699759,
        "solver_status": "Optimization terminated successfully. (HiGHS Status 7: Optimal)",
        "threshold_decisions": {
          "0.30": {
            "deployed": true,
            "diagnostic_safe": true,
            "false_acceptance": false
          },
          "0.35": {
            "deployed": true,
            "diagnostic_safe": true,
            "false_acceptance": false
          },
          "0.40": {
            "deployed": true,
            "diagnostic_safe": true,
            "false_acceptance": false
          },
          "0.45": {
            "deployed": true,
            "diagnostic_safe": true,
            "false_acceptance": false
          },
          "0.49": {
            "deployed": true,
            "diagnostic_safe": true,
            "false_acceptance": false
          }
        },
        "unguarded_source_advantages": [
          0.2395795475008795,
          0.20140300397381394
        ],
        "unguarded_worst_conditional_error": 0.271465147669976,
        "value_guard": 1e-09
      },
      "strength": "rank=8"
    },
    {
      "bridge_membership": {
        "contaminations": [
          0.22707954787010198,
          0.18232916603238314
        ],
        "labels": [
          {
            "contamination": 0.22707954787010198,
            "method": "strict_v2_structural_zero_outward_repaired_l1_bridge",
            "minimum_membership_slack": -0.0,
            "optimal_retained_mass_upper": 0.772920559804427,
            "retained_mass": 0.772920452129898,
            "transform": [
              [
                0.396945724896729,
                0.3374298524876859,
                0.265624422615585,
                0.0
              ],
              [
                0.3969444574581683,
                0.33743111992624664,
                0.265624422615585,
                0.0
              ],
              [
                0.3969444574581683,
                0.3374298524876859,
                0.26562569005414577,
                0.0
              ],
              [
                0.3969444574581685,
                0.3374311199262463,
                0.2656244226155851,
                -0.0
              ]
            ],
            "transform_trace": 1.0000025348771215
          },
          {
            "contamination": 0.18232916603238314,
            "method": "strict_v2_structural_zero_outward_repaired_l1_bridge",
            "minimum_membership_slack": -0.0,
            "optimal_retained_mass_upper": 0.8176709513348446,
            "retained_mass": 0.8176708339676169,
            "transform": [
              [
                -0.0,
                -0.0,
                7.1315382247412e-06,
                0.9999928684617753
              ],
              [
                -0.0,
                -0.0,
                7.1315382247412e-06,
                0.9999928684617753
              ],
              [
                0.0,
                -0.0,
                7.131538224741182e-06,
                0.9999928684617753
              ],
              [
                -0.0,
                0.0,
                0.14522666013789767,
                0.8547733398621024
              ]
            ],
            "transform_trace": 0.8547804714003271
          }
        ],
        "method": "strict_v2_simultaneous_l1_bridge_membership",
        "retained_masses": [
          0.772920452129898,
          0.8176708339676169
        ]
      },
      "candidate": "LEACE::closed_form",
      "method": "LEACE",
      "provenance": {
        "commit": "9f51753821316a1edacf78b52b464ab26d40e60a",
        "official_entrypoint": "concept_erasure.LeaceFitter.fit(method='leace')",
        "remote": "https://github.com/EleutherAI/concept-erasure",
        "repository": "/Volumes/Backups/FARO/external/concept-erasure"
      },
      "release_l2": {
        "certified_source_advantage_upper": [
          0.22707957101900916,
          0.20302644864989622
        ],
        "certified_worst_conditional_error_upper": 0.26662319180877936,
        "decoder": [
          0,
          1
        ],
        "diagnostic": {
          "estimable": true,
          "missing_strata": [],
          "worst_conditional_error": 0.19321196696829737,
          "worst_privacy_advantage": 0.05075483986637841
        },
        "feasibility_guard": 1e-06,
        "max_constraint_violation": 1.1102230246251565e-16,
        "method": "strict_outward_transform_exact_lp",
        "optimization_source_thresholds": [
          0.349999,
          0.349999
        ],
        "release_channel": [
          [
            1.0,
            0.0
          ],
          [
            1.0,
            -0.0
          ],
          [
            0.8073924972162165,
            0.19260750278378347
          ],
          [
            0.0,
            1.0
          ]
        ],
        "released_token_count": 2,
        "solved_decoder_assignments": 4,
        "solver_dual_bound": 0.2666231908087793,
        "solver_mip_gap": 0.0,
        "solver_objective": 0.2666231908087793,
        "solver_status": "Optimization terminated successfully. (HiGHS Status 7: Optimal)",
        "threshold_decisions": {
          "0.30": {
            "deployed": true,
            "diagnostic_safe": true,
            "false_acceptance": false
          },
          "0.35": {
            "deployed": true,
            "diagnostic_safe": true,
            "false_acceptance": false
          },
          "0.40": {
            "deployed": true,
            "diagnostic_safe": true,
            "false_acceptance": false
          },
          "0.45": {
            "deployed": true,
            "diagnostic_safe": true,
            "false_acceptance": false
          },
          "0.49": {
            "deployed": true,
            "diagnostic_safe": true,
            "false_acceptance": false
          }
        },
        "unguarded_source_advantages": [
          0.22707957001900914,
          0.2030264476498962
        ],
        "unguarded_worst_conditional_error": 0.2666231908087793,
        "value_guard": 1e-09
      },
      "strength": "closed_form"
    },
    {
      "bridge_membership": {
        "contaminations": [
          0.2865795476870484,
          0.23488641067501592
        ],
        "labels": [
          {
            "contamination": 0.2865795476870484,
            "method": "strict_v2_structural_zero_outward_repaired_l1_bridge",
            "minimum_membership_slack": -0.0,
            "optimal_retained_mass_upper": 0.7134205598044265,
            "retained_mass": 0.7134204523129516,
            "transform": [
              [
                0.37893740785234276,
                0.3571622453020113,
                0.26390034684564595,
                0.0
              ],
              [
                0.37886309820823244,
                0.3571622453020113,
                0.26397465648975627,
                0.0
              ],
              [
                0.3788630982082326,
                0.3571622453020113,
                0.2639746564897561,
                -0.0
              ],
              [
                0.37886309820823244,
                0.3571622453020113,
                0.26397465648975627,
                0.0
              ]
            ],
            "transform_trace": 1.00007430964411
          },
          {
            "contamination": 0.23488641067501592,
            "method": "strict_v2_structural_zero_outward_repaired_l1_bridge",
            "minimum_membership_slack": -0.0,
            "optimal_retained_mass_upper": 0.7651137065362845,
            "retained_mass": 0.7651135893249841,
            "transform": [
              [
                -0.0,
                -0.0,
                0.10888232383940032,
                0.8911176761605997
              ],
              [
                -0.0,
                -0.0,
                0.10888232383939998,
                0.8911176761606001
              ],
              [
                0.0,
                0.0,
                0.10888232383940025,
                0.8911176761605998
              ],
              [
                0.0,
                0.0,
                0.10888139284007362,
                0.8911186071599264
              ]
            ],
            "transform_trace": 1.0000009309993267
          }
        ],
        "method": "strict_v2_simultaneous_l1_bridge_membership",
        "retained_masses": [
          0.7134204523129516,
          0.7651135893249841
        ]
      },
      "candidate": "R-LACE::rank=1",
      "method": "R-LACE",
      "provenance": {
        "commit": "2d9b6d03f65416172b4a2ca7f6da10e374002e5f",
        "compatibility_change": "SGDClassifier loss='log_loss' replaces removed alias loss='log'",
        "iterations": 10000,
        "official_entrypoint": "rlace.solve_adv_game",
        "rank": 1,
        "remote": "https://github.com/shauli-ravfogel/rlace-icml",
        "reported_upstream_score": 0.989875,
        "repository": "/Volumes/Backups/FARO/external/rlace-icml"
      },
      "release_l2": {
        "certified_source_advantage_upper": [
          0.27779734286521096,
          0.22768843456808113
        ],
        "certified_worst_conditional_error_upper": 0.3084422576636243,
        "decoder": [
          0,
          1
        ],
        "diagnostic": {
          "estimable": true,
          "missing_strata": [],
          "worst_conditional_error": 0.2704500687712427,
          "worst_privacy_advantage": 0.12310809582060145
        },
        "feasibility_guard": 1e-06,
        "max_constraint_violation": 6.938893903907228e-17,
        "method": "strict_outward_transform_exact_lp",
        "optimization_source_thresholds": [
          0.349999,
          0.349999
        ],
        "release_channel": [
          [
            0.9693550852015868,
            0.030644914798413248
          ],
          [
            0.9693550852015868,
            0.030644914798413248
          ],
          [
            0.9693550852015868,
            0.030644914798413248
          ],
          [
            0.0,
            1.0
          ]
        ],
        "released_token_count": 2,
        "solved_decoder_assignments": 4,
        "solver_dual_bound": 0.30844225666362424,
        "solver_mip_gap": 0.0,
        "solver_objective": 0.30844225666362424,
        "solver_status": "Optimization terminated successfully. (HiGHS Status 7: Optimal)",
        "threshold_decisions": {
          "0.30": {
            "deployed": false,
            "diagnostic_safe": true,
            "false_acceptance": false
          },
          "0.35": {
            "deployed": true,
            "diagnostic_safe": true,
            "false_acceptance": false
          },
          "0.40": {
            "deployed": true,
            "diagnostic_safe": true,
            "false_acceptance": false
